0 1371800770 80668
0 1371800770 80744
0 1371800770 80763
0 1371800770 80764
0 1371800770 80958
0 1371800770 81057
0 1371800770 81113
0 1371800770 81114
0 1371800770 81117
0 1371800770 81125
0 1371800770 81127
0 1371800770 81157
0 1371800770 81169
0 1371800770 81178
0 1371800770 81224
0 1371800770 81251
0 1371800770 81289
0 1371800770 81404
0 1371800770 81413
0 1371800770 81415
0 1371800770 81416
0 1371800770 81419
0 1371800770 81422
0 1371800770 81449
0 1371800770 81476
0 1371800770 81477
0 1371800770 81478
1 1371800770 81574
0 1371800770 82377
0 1371800770 83260
0 1371800770 83523
0 1371800770 84066
0 1371800770 84067
0 1371800770 84073
0 1371800770 86274
0 1371800770 86306
0 1371800770 86377
0 1371800770 86384
0 1371800770 86385
0 1371800770 87680
0 1371800770 87690
0 1371800770 88845
0 1371800770 89176
0 1371800770 89214
0 1371800770 89215
0 1371800770 89216
0 1371800770 89234
0 1371800770 89241
0 1371800770 89309
0 1371800770 89660
0 1371800770 89662
0 1371800770 89666
0 1371800770 89780
0 1371800770 89781
0 1371800770 89786
0 1371800770 89791
0 1371800770 89795
0 1371800770 89796
0 1371800770 89797
0 1371800770 89798
0 1371800770 89813
0 1371800770 89816
0 1371800770 89969
0 1371800770 89970
0 1371800770 89978
0 1371800770 90031
0 1371800770 90071
0 1371800770 90561
0 1371800770 90562
0 1371800770 90745
1 1371800770 90832
1 1371800770 90912
0 1371800770 90913
1 1371800770 90974
1 1371800770 91029
0 1371800770 91137
0 1371800770 92137
0 1371800770 92259
0 1371800770 92260
0 1371800770 92355
0 1371800770 93814
1 1371800770 93891
1 1371800770 93939
1 1371800770 94069
0 1371800770 94106
0 1371800770 94402
0 1371800770 94403
0 1371800770 94968
0 1371800770 94969
0 1371800770 94970
0 1371800770 95007
0 1371800770 95008
0 1371800770 95012
0 1371800770 95014
0 1371800770 95015
0 1371800770 96701
0 1371800770 96717
0 1371800770 96909
0 1371800770 96911
0 1371800770 96965
0 1371800770 96966
0 1371800770 96967
0 1371800770 96968
0 1371800770 96969
0 1371800770 96983
0 1371800770 96984
0 1371800770 96985
0 1371800770 97264
0 1371800770 97266
0 1371800770 97270
0 1371800770 97273
0 1371800770 97281
0 1371800770 97282
0 1371800770 97288
0 1371800770 97293
0 1371800770 97297
0 1371800770 97305
0 1371800770 97306
0 1371800770 97307
0 1371800770 97321
0 1371800770 97425
0 1371800770 97437
0 1371800770 97474
0 1371800770 97748
0 1371800770 97749
0 1371800770 97754
0 1371800770 97757
0 1371800770 97827
0 1371800770 97828
0 1371800770 97829
0 1371800770 97868
0 1371800770 97928
0 1371800770 97988
0 1371800770 97993
0 1371800770 98007
0 1371800770 98056
0 1371800770 98057
0 1371800770 98062
0 1371800770 98063
0 1371800770 98066
0 1371800770 98068
0 1371800770 98071
0 1371800770 98072
0 1371800770 98076
0 1371800770 98079
0 1371800770 98080
0 1371800770 98081
0 1371800770 98083
0 1371800770 98084
0 1371800770 98088
0 1371800770 98091
0 1371800770 98094
0 1371800770 98096
0 1371800770 98101
0 1371800770 98103
0 1371800770 98104
0 1371800770 98110
0 1371800770 98111
0 1371800770 98119
0 1371800770 98122
0 1371800770 98126
0 1371800770 98148
0 1371800770 98149
0 1371800770 98152
0 1371800770 98154
0 1371800770 98191
0 1371800770 98194
0 1371800770 98199
0 1371800770 98209
0 1371800770 98210
0 1371800770 98229
0 1371800770 98230
0 1371800770 98235
0 1371800770 98239
0 1371800770 98241
0 1371800770 98243
0 1371800770 98244
0 1371800770 98249
0 1371800770 98250
0 1371800770 98252
0 1371800770 98256
0 1371800770 98257
0 1371800770 98262
0 1371800770 98263
0 1371800770 98265
0 1371800770 98272
0 1371800770 98273
0 1371800770 98275
0 1371800770 98280
0 1371800770 98282
0 1371800770 98283
0 1371800770 98286
0 1371800770 98293
0 1371800770 98299
0 1371800770 98302
0 1371800770 98308
0 1371800770 98309
0 1371800770 98316
0 1371800770 98321
0 1371800770 98322
0 1371800770 98323
0 1371800770 98325
0 1371800770 98329
0 1371800770 98331
0 1371800770 98333
0 1371800770 98336
0 1371800770 98340
0 1371800770 98341
0 1371800770 98342
0 1371800770 98345
0 1371800770 98349
0 1371800770 98355
0 1371800770 98356
0 1371800770 98360
0 1371800770 98379
0 1371800770 98382
0 1371800770 98383
0 1371800770 98386
0 1371800770 98387
0 1371800770 98392
0 1371800770 98438
0 1371800770 98452
0 1371800770 98469
0 1371800770 98473
0 1371800770 98476
0 1371800770 98479
0 1371800770 98480
0 1371800770 98481
0 1371800770 98496
0 1371800770 98499
0 1371800770 98509
0 1371800770 98517
0 1371800770 98525
0 1371800770 98528
0 1371800770 98531
0 1371800770 98555
0 1371800770 98568
0 1371800770 98569
0 1371800770 98570
0 1371800770 98575
0 1371800770 98580
0 1371800770 98581
0 1371800770 98599
0 1371800770 98601
0 1371800770 98647
0 1371800770 98712
0 1371800770 98729
0 1371800770 98751
0 1371800770 98753
0 1371800770 98764
0 1371800770 98766
0 1371800770 98787
0 1371800770 98793
0 1371800770 98796
0 1371800770 98847
0 1371800770 98857
0 1371800770 98860
0 1371800770 98861
0 1371800770 98868
0 1371800770 98923
0 1371800770 98943
0 1371800770 99029
0 1371800770 99030
0 1371800770 99034
0 1371800770 99040
0 1371800770 99058
0 1371800770 99062
0 1371800770 99086
0 1371800770 99088
0 1371800770 99090
0 1371800770 99091
0 1371800770 99092
0 1371800770 99101
0 1371800770 99103
0 1371800770 99104
0 1371800770 99108
0 1371800770 99115
0 1371800770 99116
0 1371800770 99119
0 1371800770 99120
0 1371800770 99124
0 1371800770 99125
0 1371800770 99126
0 1371800770 99133
0 1371800770 99158
0 1371800770 99160
0 1371800770 99215
0 1371800770 99221
0 1371800770 99222
0 1371800770 99223
0 1371800770 99232
0 1371800770 99237
0 1371800770 99238
0 1371800770 99241
0 1371800770 99244
0 1371800770 99245
0 1371800770 99246
0 1371800770 99247
0 1371800770 99375
0 1371800770 99387
0 1371800770 99388
0 1371800770 99390
0 1371800770 99391
0 1371800770 99396
0 1371800770 99404
0 1371800770 99405
0 1371800770 99410
0 1371800770 99411
0 1371800770 99414
0 1371800770 99418
0 1371800770 99453
0 1371800770 99454
0 1371800770 99460
0 1371800770 99462
0 1371800770 99463
0 1371800770 99471
0 1371800770 99472
0 1371800770 99478
0 1371800770 99488
0 1371800770 99545
0 1371800770 99563
0 1371800770 99566
0 1371800770 99569
0 1371800770 99572
0 1371800770 99573
0 1371800770 99574
0 1371800770 99578
0 1371800770 99582
0 1371800770 99616
0 1371800770 99617
0 1371800770 99636
0 1371800770 99644
0 1371800770 99760
0 1371800770 99762
0 1371800770 99763
0 1371800770 99765
0 1371800770 99766
0 1371800770 99769
0 1371800770 99771
0 1371800770 99772
0 1371800770 99775
0 1371800770 99777
0 1371800770 99786
0 1371800770 99789
0 1371800770 99790
0 1371800770 99796
0 1371800770 99797
0 1371800770 99806
0 1371800770 99809
0 1371800770 99810
0 1371800770 99854
0 1371800770 99861
0 1371800770 99862
0 1371800770 99895
0 1371800770 99898
0 1371800770 99901
0 1371800770 99902
0 1371800770 99903
0 1371800770 99911
0 1371800770 99913
0 1371800770 99914
0 1371800770 99915
0 1371800770 99917
0 1371800770 99918
0 1371800770 99919
0 1371800770 99920
0 1371800770 99925
0 1371800770 99927
0 1371800770 99928
0 1371800770 99930
0 1371800770 99935
0 1371800770 99936
0 1371800770 99938
0 1371800770 99946
0 1371800770 99957
0 1371800770 99959
0 1371800770 99962
0 1371800770 99965
0 1371800770 99978
0 1371800770 99979
0 1371800770 99981
0 1371800770 99983
0 1371800770 100011
0 1371800770 100015
0 1371800770 100028
0 1371800770 100035
0 1371800770 100041
0 1371800770 100051
0 1371800770 100064
0 1371800770 100066
0 1371800770 100069
0 1371800770 100070
0 1371800770 100071
0 1371800770 100073
0 1371800770 100077
0 1371800770 100091
0 1371800770 100092
0 1371800770 100093
0 1371800770 100096
0 1371800770 100105
0 1371800770 100110
0 1371800770 100111
0 1371800770 100130
0 1371800770 100136
0 1371800770 100139
0 1371800770 100140
0 1371800770 100159
0 1371800770 100163
0 1371800770 100168
0 1371800770 100177
0 1371800770 100237
0 1371800770 100263
0 1371800770 100272
0 1371800770 100273
0 1371800770 100370
0 1371800770 100466
0 1371800770 100468
0 1371800770 100478
0 1371800770 100480
0 1371800770 100538
0 1371800770 100559
0 1371800770 100714
0 1371800770 100717
0 1371800770 100723
0 1371800770 100733
0 1371800770 100734
0 1371800770 100735
0 1371800770 100737
0 1371800770 100859
0 1371800770 100911
0 1371800770 100912
0 1371800770 100916
0 1371800770 101013
0 1371800770 101014
0 1371800770 101074
0 1371800770 101110
0 1371800770 101140
0 1371800770 101184
0 1371800770 101203
0 1371800770 101208
0 1371800770 101256
0 1371800770 101257
0 1371800770 101291
0 1371800770 101292
0 1371800770 101293
0 1371800770 101295
0 1371800770 101299
0 1371800770 101378
0 1371800770 101409
0 1371800770 101417
0 1371800770 101518
0 1371800770 101521
0 1371800770 101686
0 1371800770 101941
0 1371800770 101943
0 1371800770 101965
0 1371800770 101966
0 1371800770 101991
0 1371800770 101993
0 1371800770 102047
0 1371800770 102049
0 1371800770 102053
0 1371800770 102056
0 1371800770 102059
0 1371800770 102062
0 1371800770 102064
0 1371800770 102066
0 1371800770 102067
0 1371800770 102074
0 1371800770 102075
0 1371800770 102077
0 1371800770 102078
0 1371800770 102081
0 1371800770 102089
0 1371800770 102091
0 1371800770 102094
0 1371800770 102095
0 1371800770 102097
0 1371800770 102099
0 1371800770 102100
0 1371800770 102101
0 1371800770 102111
0 1371800770 102117
0 1371800770 102118
0 1371800770 102120
0 1371800770 102121
0 1371800770 102130
0 1371800770 102135
0 1371800770 102143
0 1371800770 102145
0 1371800770 102148
0 1371800770 102151
0 1371800770 102191
0 1371800770 102193
0 1371800770 102194
0 1371800770 102198
0 1371800770 102210
0 1371800770 102212
0 1371800770 102220
0 1371800770 102222
0 1371800770 102289
0 1371800770 102297
0 1371800770 102357
0 1371800770 102362
0 1371800770 102410
0 1371800770 102724
0 1371800770 102725
0 1371800770 102730
0 1371800770 102731
0 1371800770 102887
0 1371800770 102888
0 1371800770 102902
0 1371800770 102904
0 1371800770 102912
0 1371800770 102927
0 1371800770 102959
0 1371800770 102989
0 1371800770 103093
0 1371800770 103103
0 1371800770 103106
0 1371800770 103111
0 1371800770 103112
0 1371800770 103114
0 1371800770 103121
0 1371800770 103122
0 1371800770 103131
0 1371800770 103134
0 1371800770 103136
0 1371800770 103139
0 1371800770 103141
0 1371800770 103143
0 1371800770 103154
0 1371800770 103155
0 1371800770 103158
0 1371800770 103160
0 1371800770 103165
0 1371800770 103178
0 1371800770 103180
0 1371800770 103185
0 1371800770 103230
0 1371800770 103232
0 1371800770 103242
0 1371800770 103249
0 1371800770 103250
0 1371800770 103251
0 1371800770 103266
0 1371800770 103270
0 1371800770 103287
0 1371800770 103288
0 1371800770 103290
0 1371800770 103302
0 1371800770 103305
0 1371800770 103310
0 1371800770 103312
0 1371800770 103352
0 1371800770 103353
0 1371800770 103358
0 1371800770 103390
0 1371800770 103395
0 1371800770 103401
0 1371800770 103404
0 1371800770 103406
0 1371800770 103413
0 1371800770 103415
0 1371800770 103423
0 1371800770 103430
0 1371800770 103431
0 1371800770 103444
0 1371800770 103445
0 1371800770 103468
0 1371800770 103469
0 1371800770 103481
0 1371800770 103482
0 1371800770 103487
0 1371800770 103494
0 1371800770 103496
0 1371800770 103500
0 1371800770 103501
0 1371800770 103505
0 1371800770 103510
0 1371800770 103511
0 1371800770 103518
0 1371800770 103525
0 1371800770 103536
0 1371800770 103543
0 1371800770 103553
0 1371800770 103558
0 1371800770 103559
0 1371800770 103560
0 1371800770 103569
0 1371800770 103584
0 1371800770 103596
0 1371800770 103600
0 1371800770 103602
0 1371800770 103613
0 1371800770 103614
0 1371800770 103617
0 1371800770 103708
0 1371800770 103810
0 1371800770 103895
0 1371800770 103952
0 1371800770 104091
0 1371800770 104168
0 1371800770 104237
0 1371800770 104262
0 1371800770 104289
0 1371800770 104294
0 1371800770 104314
0 1371800770 104338
0 1371800770 104347
0 1371800770 105621
0 1371800770 105623
0 1371800770 105628
0 1371800770 105754
0 1371800770 105770
0 1371800770 105814
0 1371800770 105864
0 1371800770 105931
0 1371800770 105936
0 1371800770 105937
0 1371800770 106009
0 1371800770 106039
0 1371800770 106043
0 1371800770 106074
0 1371800770 106120
0 1371800770 106137
0 1371800770 106141
0 1371800770 106147
0 1371800770 106200
0 1371800770 106442
0 1371800770 106564
0 1371800770 106579
0 1371800770 106676
0 1371800770 106871
0 1371800770 106912
0 1371800770 106925
0 1371800770 106942
0 1371800770 106966
0 1371800770 106967
0 1371800770 106980
0 1371800770 106985
0 1371800770 106986
0 1371800770 106989
0 1371800770 106993
0 1371800770 106998
0 1371800770 106999
0 1371800770 107002
0 1371800770 107004
0 1371800770 107009
0 1371800770 107013
0 1371800770 107017
0 1371800770 107106
0 1371800770 107125
0 1371800770 107127
0 1371800770 107129
0 1371800770 107131
0 1371800770 107132
0 1371800770 107144
0 1371800770 107145
0 1371800770 107194
0 1371800770 107198
0 1371800770 107202
0 1371800770 107203
0 1371800770 107206
0 1371800770 107209
0 1371800770 107210
0 1371800770 107216
0 1371800770 107238
0 1371800770 107239
0 1371800770 107242
0 1371800770 107265
0 1371800770 107280
0 1371800770 107328
0 1371800770 107333
0 1371800770 107335
0 1371800770 107337
0 1371800770 107394
0 1371800770 107404
0 1371800770 107405
0 1371800770 107431
0 1371800770 107433
0 1371800770 107437
0 1371800770 107478
0 1371800770 107497
0 1371800770 107510
0 1371800770 107530
0 1371800770 107537
0 1371800770 107551
0 1371800770 107553
0 1371800770 107555
0 1371800770 107556
0 1371800770 107557
0 1371800770 107559
0 1371800770 107562
0 1371800770 107563
0 1371800770 107585
0 1371800770 107586
0 1371800770 107605
0 1371800770 107660
0 1371800770 107666
0 1371800770 107669
0 1371800770 107686
0 1371800770 107687
0 1371800770 107692
0 1371800770 107693
0 1371800770 107697
0 1371800770 107799
0 1371800770 107800
0 1371800770 107812
0 1371800770 107814
0 1371800770 107815
0 1371800770 107817
0 1371800770 107847
0 1371800770 107850
0 1371800770 107851
0 1371800770 107872
0 1371800770 107919
0 1371800770 107920
0 1371800770 107949
0 1371800770 107956
0 1371800770 107968
0 1371800770 107969
0 1371800770 107972
0 1371800770 107994
0 1371800770 108023
0 1371800770 108024
0 1371800770 108040
0 1371800770 108056
0 1371800770 108081
0 1371800770 108084
0 1371800770 108113
0 1371800770 108188
0 1371800770 108195
0 1371800770 108197
0 1371800770 108202
0 1371800770 108206
0 1371800770 108218
0 1371800770 108219
0 1371800770 108220
0 1371800770 108225
0 1371800770 108235
0 1371800770 108282
0 1371800770 108284
0 1371800770 108287
0 1371800770 108295
0 1371800770 108303
0 1371800770 108351
0 1371800770 108356
0 1371800770 108424
0 1371800770 108426
0 1371800770 108441
0 1371800770 108442
0 1371800770 108538
0 1371800770 108576
0 1371800770 108578
0 1371800770 108580
0 1371800770 108581
0 1371800770 108585
0 1371800770 108588
0 1371800770 108589
0 1371800770 108594
0 1371800770 108603
0 1371800770 108611
0 1371800770 108612
0 1371800770 108613
0 1371800770 108614
0 1371800770 108641
0 1371800770 108642
0 1371800770 108647
0 1371800770 108648
0 1371800770 108656
0 1371800770 108666
0 1371800770 108673
0 1371800770 108688
0 1371800770 108690
0 1371800770 108712
0 1371800770 108779
0 1371800770 108780
0 1371800770 108786
0 1371800770 108789
0 1371800770 108790
0 1371800770 108791
0 1371800770 108793
0 1371800770 108808
0 1371800770 108809
0 1371800770 108810
0 1371800770 108811
0 1371800770 108812
0 1371800770 108831
0 1299457190 3
0 1299457190 4
2 1299457190 6
0 1299457190 8
0 1299457190 9
2 1299457190 10
0 1299457190 11
0 1299457190 13
0 1299457190 14
0 1299457190 15
0 1299457190 16
0 1299457190 19
0 1299457190 21
0 1299457190 22
2 1299457190 23
2 1299457190 24
2 1299457190 27
2 1299457190 28
0 1299457190 31
0 1299457190 32
0 1299457190 33
2 1299457190 34
0 1299457190 39
0 1299457190 41
0 1299457190 42
0 1299457190 43
0 1299457190 96
2 1299457190 221
2 1299457190 226
0 1299457190 244
2 1299457190 245
2 1299457190 253
2 1299457190 254
2 1299457190 269
2 1299457190 270
2 1299457190 271
2 1299457190 272
0 1299457190 275
2 1299457190 294
2 1299457190 295
2 1299457190 446
2 1299457190 447
0 1299457190 453
0 1299457190 454
2 1299457190 471
2 1299457190 472
0 1299457190 477
2 1299457190 478
2 1299457190 482
2 1299457190 483
2 1299457190 484
2 1299457190 501
2 1299457190 502
2 1299457190 503
2 1299457190 513
2 1299457190 514
2 1299457190 515
2 1299457190 522
0 1299457190 523
2 1299457190 536
2 1299457190 546
2 1299457190 547
2 1299457190 558
2 1299457190 563
2 1299457190 572
2 1299457190 573
0 1299457190 574
0 1299457190 576
2 1299457190 583
2 1299457190 603
2 1299457190 638
2 1299457190 645
0 1299457190 682
2 1299457190 809
2 1299457190 850
2 1299457190 913
2 1299457190 916
2 1299457190 959
0 1299457190 961
0 1299457190 963
2 1299457190 992
0 1299457190 1035
2 1299457190 1051
0 1299457190 1083
2 1299457190 1086
2 1299457190 1104
2 1299457190 1110
2 1299457190 1134
0 1299457190 1136
2 1299457190 1156
0 1299457190 1163
2 1299457190 1164
0 1299457190 1168
2 1299457190 1181
0 1299457190 1189
0 1299457190 1203
0 1299457190 1205
0 1299457190 1206
2 1299457190 1238
2 1299457190 1240
2 1299457190 1241
0 1299457190 1257
0 1299457190 1262
2 1299457190 1285
0 1299457190 1288
2 1299457190 1289
0 1299457190 1290
0 1299457190 1293
0 1299457190 1296
2 1299457190 1297
0 1299457190 1311
0 1299457190 1314
0 1299457190 1329
0 1299457190 1330
0 1299457190 1333
0 1299457190 1342
0 1299457190 1344
0 1299457190 1352
0 1299457190 1354
0 1299457190 1357
2 1299457190 1359
0 1299457190 1375
0 1299457190 1388
0 1299457190 1390
2 1299457190 1394
0 1299457190 1395
0 1299457190 1398
0 1299457190 1399
0 1299457190 1411
0 1299457190 1413
2 1299457190 1415
0 1299457190 1421
0 1299457190 1423
0 1299457190 1432
0 1299457190 1439
0 1299457190 1462
0 1299457190 1464
2 1299457190 1471
0 1299457190 1478
0 1299457190 1486
0 1299457190 1494
0 1299457190 1495
0 1299457190 1497
0 1299457190 1520
0 1299457190 1527
0 1299457190 1532
0 1299457190 1544
0 1299457190 1570
0 1299457190 1571
0 1299457190 1582
0 1299457190 1583
2 1299457190 1589
0 1299457190 1600
0 1299457190 1605
0 1299457190 1606
0 1299457190 1626
2 1299457190 1627
0 1299457190 1632
0 1299457190 1651
0 1299457190 1652
0 1299457190 1660
0 1299457190 1661
2 1299457190 1664
0 1299457190 1671
0 1299457190 1678
0 1299457190 1679
0 1299457190 1681
0 1299457190 1701
0 1299457190 1708
2 1299457190 1723
0 1299457190 1733
2 1299457190 1734
0 1299457190 1744
0 1299457190 1746
0 1299457190 1756
0 1299457190 1758
0 1299457190 1762
2 1299457190 1763
0 1299457190 1764
0 1299457190 1771
0 1299457190 1788
0 1299457190 1800
0 1299457190 1801
0 1299457190 1803
0 1299457190 1804
0 1299457190 1806
2 1299457190 1824
0 1299457190 1834
0 1299457190 1859
0 1299457190 1860
2 1299457190 1861
0 1299457190 1909
0 1299457190 1914
0 1299457190 1915
0 1299457190 1916
2 1299457190 1919
0 1299457190 1921
0 1299457190 1925
0 1299457190 1929
2 1299457190 1935
0 1299457190 1936
0 1299457190 1967
0 1299457190 1970
0 1299457190 2007
0 1299457190 2009
0 1299457190 2010
0 1299457190 2022
2 1299457190 2027
0 1299457190 2028
0 1299457190 2033
0 1299457190 2038
0 1299457190 2075
2 1299457190 2101
0 1299457190 2110
0 1299457190 2124
2 1299457190 2127
0 1299457190 2134
0 1299457190 2141
0 1299457190 2157
0 1299457190 2175
0 1299457190 2177
2 1299457190 2178
0 1299457190 2179
0 1299457190 2189
0 1299457190 2192
0 1299457190 2194
2 1299457190 2195
0 1299457190 2196
0 1299457190 2198
0 1299457190 2257
0 1299457190 2279
0 1299457190 2329
2 1299457190 2348
0 1299457190 2368
0 1299457190 2386
0 1299457190 2387
0 1299457190 2409
2 1299457190 2421
0 1299457190 2437
2 1299457190 2444
2 1299457190 2449
0 1299457190 2478
0 1299457190 2488
0 1299457190 2489
0 1299457190 2490
0 1299457190 2495
0 1299457190 2531
0 1299457190 2535
0 1299457190 2537
0 1299457190 2538
0 1299457190 2540
0 1299457190 2570
0 1299457190 2584
0 1299457190 2585
0 1299457190 2586
0 1299457190 2587
0 1299457190 2589
0 1299457190 2631
0 1299457190 2633
0 1299457190 2635
0 1299457190 2674
0 1299457190 2691
0 1299457190 2706
0 1299457190 2707
0 1299457190 2784
0 1299457190 2795
0 1299457190 2796
0 1299457190 2804
0 1299457190 2829
0 1299457190 2858
0 1299457190 2859
0 1299457190 2888
0 1299457190 2970
0 1299457190 2997
2 1299457190 3038
0 1299457190 3041
0 1299457190 3114
0 1299457190 3118
0 1299457190 3119
0 1299457190 3143
0 1299457190 3154
0 1299457190 3236
0 1299457190 3243
0 1299457190 3294
0 1299457190 3295
0 1299457190 3437
0 1299457190 3552
0 1299457190 3610
0 1299457190 3656
2 1299457190 3659
0 1299457190 3660
2 1299457190 3662
0 1299457190 3665
2 1299457190 3667
0 1299457190 3706
0 1299457190 3798
0 1299457190 3810
0 1299457190 3823
2 1299457190 3826
2 1299457190 3843
2 1299457190 3844
2 1299457190 3893
0 1299457190 3919
0 1299457190 3925
2 1299457190 3933
0 1299457190 3936
0 1299457190 3973
0 1299457190 4091
2 1299457190 4092
0 1299457190 4093
0 1299457190 4098
2 1299457190 4101
2 1299457190 4111
2 1299457190 4117
0 1299457190 4121
0 1299457190 4130
0 1299457190 4152
0 1299457190 4158
2 1299457190 4167
0 1299457190 4168
0 1299457190 4170
2 1299457190 4171
2 1299457190 4186
0 1299457190 4208
2 1299457190 4222
2 1299457190 4239
0 1265461027 4
0 1299457190 4240
2 1299457190 4241
2 1299457190 4242
2 1299457190 4243
0 1299457190 4247
0 1299457190 4248
0 1299457190 4249
2 1299457190 4250
2 1299457190 4251
0 1299457190 4255
0 1299457190 4269
0 1299457190 4272
0 1299457190 4289
0 1299457190 4291
2 1299457190 4292
0 1299457190 4294
0 1299457190 4296
2 1299457190 4297
2 1299457190 4299
? 1265461027 8
? 1265461027 13
2 1265461027 15
? 1265461027 16
? 1265461027 17
2 1247729038 5
2 1247729038 6
2 1247729038 8
2 1247729038 9
2 1247729038 10
2 1247729038 11
2 1247729038 13
2 1247729038 20
0 1247729038 22
0 1247729038 23
2 1247729038 24
2 1247729038 25
2 1247729038 27
0 1247729038 29
0 1247729038 31
2 1247729038 33
2 1247729038 34
0 1247729038 38
2 1247729038 41
2 1247729038 44
2 1247729038 45
2 1247729038 49
2 1247729038 51
2 1247729038 52
0 1247729038 53
0 1247729038 54
0 1247729038 56
2 1247729038 57
2 1247729038 61
2 1247729038 64
2 1247729038 65
2 1247729038 66
2 1247729038 69
2 1299457190 4314
2 1299457190 4357
0 1247729038 69
0 1247729038 70
2 1247729038 71
0 1247729038 72
0 1247729038 74
0 1247729038 75
2 1247729038 77
0 1247729038 81
0 1247729038 82
2 1247729038 83
2 1247729038 90
0 1247729038 91
0 1247729038 92
0 1247729038 94
2 1247729038 99
0 1247729038 100
0 1247729038 103
0 1247729038 104
2 1247729038 108
0 1247729038 109
2 1247729038 111
2 1247729038 117
0 1351958949 1431
2 1351958949 1482
0 1351958949 1483
0 1351958949 1485
2 1351958949 1494
0 1351958949 1495
2 1351958949 1509
0 1351958949 1513
2 1351958949 1534
2 1351958949 1548
0 1351958949 1567
2 1351958949 1602
2 1351958949 1617
2 1351958949 1619
2 1351958949 1631
0 1351958949 1639
2 1351958949 1643
2 1351958949 1675
2 1351958949 1685
2 1351958949 1693
2 1351958949 1752
2 1351958949 1800
0 1351958949 1837
0 1351958949 1842
2 1351958949 1843
2 1351958949 1844
2 1351958949 1845
2 1351958949 1853
0 1351958949 1854
0 1351958949 1855
2 1351958949 1856
0 1351958949 1899
2 1351958949 1902
0 1351958949 1913
2 1351958949 1914
2 1351958949 1915
2 1351958949 1916
0 1351958949 1918
0 1351958949 1919
2 1351958949 1923
0 1351958949 1938
2 1351958949 1949
0 1351958949 1962
2 1351958949 2017
2 1351958949 2022
2 1351958949 2025
0 1351958949 2029
2 1351958949 2067
2 1351958949 2074
0 1351958949 2078
2 1351958949 2079
0 1351958949 2083
0 1351958949 2090
0 1247729038 120
0 1247729038 121
0 1247729038 122
2 1247729038 125
2 1247729038 126
2 1247729038 127
2 1247729038 129
0 1247729038 130
2 1247729038 132
0 1247729038 134
0 1247729038 136
0 1247729038 143
0 1247729038 147
0 1247729038 148
0 1247729038 149
2 1247729038 150
0 1247729038 151
0 1247729038 152
0 1247729038 153
2 1247729038 155
0 1247729038 158
2 1247729038 159
2 1247729038 162
0 1247729038 165
0 1247729038 171
2 1247729038 175
0 1247729038 177
0 1247729038 181
0 1247729038 182
2 1247729038 183
2 1247729038 184
1 1247729038 185
0 1247729038 193
2 1247729038 194
0 1247729038 195
0 1247729038 196
2 1247729038 199
0 1247729038 206
0 1247729038 207
0 1247729038 208
0 1247729038 210
2 1247729038 211
0 1247729038 216
2 1247729038 217
0 1247729038 219
0 1247729038 220
0 1247729038 221
0 1247729038 222
0 1247729038 223
0 1247729038 224
0 1247729038 233
2 1247729038 234
0 1247729038 236
0 1247729038 237
0 1247729038 239
2 1247729038 240
0 1247729038 242
0 1247729038 243
2 1247729038 244
2 1247729038 247
0 1247729038 248
0 1247729038 250
0 1247729038 251
0 1247729038 252
2 1247729038 254
2 1247729038 255
0 1247729038 258
2 1351958949 2091
2 1351958949 2092
0 1351958949 2094
0 1351958949 2103
2 1351958949 2109
0 1351958949 2110
0 1351958949 2111
0 1351958949 2115
0 1351958949 2116
0 1351958949 2117
0 1351958949 2123
0 1351958949 2126
0 1351958949 2129
0 1351958949 2137
0 1351958949 2140
0 1351958949 2141
0 1351958949 2144
2 1351958949 2147
0 1351958949 2149
0 1351958949 2159
0 1351958949 2161
0 1351958949 2169
2 1351958949 2175
0 1220639536 3
0 1220639536 4
0 1220639536 5
0 1220639536 10
0 1220639536 16
0 1220639536 17
0 1220639536 20
0 1220639536 23
0 1220639536 26
0 1220639536 28
0 1220639536 32
0 1220639536 36
0 1220639536 38
0 1220639536 87
2 1220639536 92
0 1220639536 97
0 1220639536 99
0 1220639536 105
0 1220639536 117
0 1220639536 123
0 1220639536 130
0 1220639536 131
0 1220639536 134
0 1220639536 135
0 1220639536 157
0 1220639536 161
1 1220639536 162
1 1220639536 163
0 1220639536 164
1 1220639536 165
0 1220639536 166
1 1220639536 167
1 1220639536 168
1 1220639536 171
0 1220639536 172
1 1220639536 173
0 1220639536 174
1 1220639536 175
1 1220639536 176
1 1220639536 177
1 1220639536 178
0 1220639536 182
0 1220639536 184
0 1220639536 188
1 1220639536 189
1 1220639536 195
1 1220639536 198
1 1220639536 200
1 1220639536 202
1 1220639536 203
0 1220639536 205
0 1220639536 206
1 1220639536 208
1 1220639536 212
1 1220639536 214
0 1220639536 217
2 1220639536 219
0 1220639536 223
0 1220639536 224
0 1220639536 228
0 1220639536 230
2 1220639536 237
0 1220639536 238
0 1220639536 239
0 1220639536 240
0 1220639536 241
0 1220639536 242
0 1220639536 244
0 1220639536 250
0 1220639536 251
0 1220639536 253
0 1220639536 254
0 1220639536 255
0 1220639536 256
0 1220639536 257
0 1220639536 267
0 1299457190 4359
0 1299457190 4368
0 1299457190 4369
2 1299457190 4408
2 1299457190 4413
2 1299457190 4418
0 1299457190 4419
0 1299457190 4422
0 1351958949 2183
0 1351958949 2184
0 1220639536 270
0 1220639536 271
0 1220639536 273
0 1220639536 275
0 1220639536 277
0 1220639536 279
0 1220639536 280
0 1220639536 283
0 1220639536 285
0 1220639536 286
0 1220639536 287
0 1220639536 288
0 1220639536 289
0 1220639536 293
0 1220639536 294
0 1220639536 295
0 1220639536 297
0 1220639536 299
2 1220639536 300
0 1220639536 301
0 1220639536 302
0 1220639536 303
0 1220639536 304
0 1220639536 305
0 1220639536 308
0 1220639536 309
1 1220639536 310
1 1220639536 312
0 1220639536 314
0 1220639536 315
0 1220639536 316
0 1220639536 319
0 1220639536 320
1 1220639536 322
0 1220639536 324
1 1220639536 326
0 1220639536 327
0 1220639536 328
0 1220639536 329
0 1220639536 330
0 1220639536 335
2 1220639536 336
1 1220639536 337
0 1220639536 338
0 1220639536 340
0 1220639536 341
2 1220639536 343
0 1220639536 344
1 1220639536 345
0 1220639536 350
0 1220639536 351
0 1220639536 357
0 1220639536 362
0 1220639536 363
0 1220639536 367
1 1220639536 368
0 1220639536 369
0 1220639536 371
0 1220639536 372
0 1220639536 375
0 1220639536 376
0 1220639536 378
0 1220639536 380
0 1220639536 382
1 1220639536 390
0 1220639536 395
1 1220639536 398
1 1220639536 400
1 1220639536 401
1 1220639536 403
1 1220639536 404
0 1220639536 408
0 1220639536 413
2 1220639536 414
0 1220639536 415
0 1220639536 418
2 1220639536 419
0 1220639536 420
0 1220639536 421
0 1220639536 422
0 1220639536 426
0 1220639536 428
0 1220639536 429
0 1220639536 430
0 1220639536 431
0 1220639536 433
0 1220639536 434
0 1220639536 435
0 1220639536 436
0 1220639536 437
0 1220639536 438
0 1220639536 439
0 1220639536 440
0 1220639536 441
0 1220639536 442
0 1220639536 443
2 1220639536 444
0 1220639536 445
0 1220639536 446
0 1220639536 447
0 1220639536 448
0 1220639536 449
0 1220639536 450
0 1220639536 451
0 1220639536 452
0 1220639536 453
0 1220639536 454
0 1220639536 456
0 1220639536 457
0 1220639536 459
0 1220639536 460
0 1220639536 469
0 1220639536 470
0 1220639536 471
0 1220639536 472
0 1220639536 473
0 1220639536 474
0 1220639536 475
0 1220639536 476
0 1220639536 478
0 1220639536 479
0 1220639536 480
0 1220639536 481
0 1220639536 483
0 1220639536 484
0 1220639536 485
0 1220639536 486
0 1220639536 488
0 1220639536 489
0 1220639536 490
0 1220639536 491
0 1220639536 493
0 1220639536 496
0 1220639536 497
2 1220639536 498
2 1220639536 499
2 1220639536 500
2 1220639536 501
2 1220639536 502
0 1220639536 503
2 1220639536 504
2 1220639536 505
2 1220639536 506
0 1220639536 507
0 1220639536 508
0 1220639536 511
2 1220639536 514
0 1220639536 516
0 1220639536 517
0 1220639536 518
0 1220639536 520
2 1220639536 521
0 1220639536 523
2 1220639536 525
0 1220639536 526
0 1220639536 528
0 1220639536 529
0 1220639536 531
0 1220639536 537
0 1220639536 538
2 1220639536 539
0 1220639536 540
0 1220639536 541
0 1220639536 542
0 1220639536 543
0 1220639536 544
0 1220639536 545
0 1220639536 549
0 1220639536 553
0 1220639536 554
0 1220639536 555
0 1220639536 556
0 1220639536 557
0 1220639536 558
0 1220639536 561
2 1220639536 563
0 1220639536 564
2 1220639536 565
0 1220639536 566
0 1220639536 567
0 1220639536 571
0 1220639536 572
0 1220639536 574
0 1220639536 576
0 1220639536 577
0 1220639536 580
0 1220639536 581
0 1220639536 582
0 1220639536 583
0 1220639536 584
0 1220639536 585
0 1220639536 588
0 1220639536 589
0 1220639536 590
0 1220639536 591
0 1220639536 592
0 1220639536 593
0 1220639536 594
0 1220639536 595
2 1220639536 596
0 1220639536 597
2 1220639536 598
0 1220639536 600
0 1220639536 602
0 1220639536 603
0 1220639536 605
0 1220639536 607
0 1220639536 608
0 1220639536 609
0 1220639536 610
0 1220639536 611
0 1220639536 612
0 1220639536 613
1 1220639536 614
0 1220639536 615
1 1220639536 616
0 1220639536 617
0 1220639536 621
0 1220639536 622
0 1220639536 623
0 1220639536 624
0 1220639536 625
0 1220639536 627
0 1220639536 630
1 1220639536 631
0 1220639536 632
0 1220639536 633
0 1220639536 634
0 1220639536 636
0 1220639536 637
1 1220639536 638
0 1220639536 639
0 1220639536 640
0 1220639536 641
0 1220639536 642
1 1220639536 643
0 1220639536 644
0 1220639536 645
0 1220639536 646
0 1220639536 647
1 1220639536 648
0 1220639536 649
0 1220639536 650
0 1220639536 653
2 1220639536 655
0 1220639536 656
0 1220639536 657
1 1220639536 658
0 1220639536 659
0 1220639536 660
0 1220639536 661
0 1220639536 662
0 1220639536 663
0 1220639536 664
0 1220639536 665
0 1220639536 666
0 1220639536 667
0 1220639536 668
0 1220639536 669
0 1220639536 670
0 1220639536 671
0 1220639536 672
0 1220639536 674
0 1220639536 675
0 1220639536 676
1 1220639536 677
2 1220639536 678
0 1220639536 679
0 1220639536 680
0 1220639536 682
0 1220639536 683
0 1220639536 684
0 1220639536 685
0 1220639536 686
0 1220639536 687
0 1220639536 689
0 1220639536 690
0 1220639536 691
0 1220639536 692
0 1220639536 693
0 1220639536 694
0 1220639536 695
0 1220639536 697
0 1220639536 698
0 1220639536 699
0 1220639536 700
2 1220639536 701
0 1220639536 703
0 1220639536 704
0 1220639536 705
0 1220639536 706
0 1220639536 708
0 1220639536 709
0 1220639536 710
0 1220639536 711
0 1220639536 712
0 1220639536 713
0 1220639536 715
0 1220639536 718
0 1220639536 719
2 1220639536 721
0 1220639536 723
0 1220639536 724
0 1220639536 725
0 1220639536 726
0 1220639536 727
0 1220639536 728
0 1220639536 729
0 1220639536 730
0 1220639536 731
0 1220639536 732
0 1220639536 733
0 1220639536 734
0 1220639536 735
0 1220639536 736
0 1220639536 737
0 1220639536 738
0 1220639536 739
0 1220639536 740
0 1220639536 741
0 1220639536 743
0 1220639536 745
0 1220639536 746
0 1220639536 748
0 1220639536 750
0 1220639536 752
0 1220639536 756
2 1220639536 757
0 1220639536 758
0 1220639536 759
0 1220639536 760
0 1220639536 761
0 1220639536 762
0 1220639536 764
0 1220639536 765
0 1220639536 767
0 1220639536 769
0 1220639536 771
0 1220639536 774
0 1220639536 776
0 1220639536 777
0 1220639536 778
0 1126741955 45835
0 1126741955 45839
0 1126741955 45856
0 1126741955 46245
0 1126741955 46498
0 1126741955 46499
0 1126741955 46522
0 1126741955 46558
0 1126741955 46769
0 1126741955 46910
0 1126741955 46932
0 1126741955 46933
0 1126741955 46935
0 1126741955 46947
0 1126741955 46951
0 1126741955 47007
0 1126741955 47015
0 1126741955 47018
0 1126741955 47030
0 1126741955 47042
0 1126741955 47136
0 1126741955 47140
0 1126741955 47148
0 1126741955 47406
0 1126741955 47407
0 1126741955 47831
0 1126741955 47832
0 1126741955 50551
0 1126741955 51408
0 1126741955 51416
0 1126741955 51518
0 1126741955 51520
0 1126741955 51745
0 1126741955 51848
0 1126741955 51850
0 1126741955 53315
0 1126741955 54111
0 1126741955 54197
0 1126741955 54219
0 1126741955 54236
0 1126741955 54255
0 1126741955 54349
0 1126741955 54350
0 1126741955 54427
0 1126741955 76118
0 1126741955 76176
0 1126741955 76207
0 1126741955 76560
0 1126741955 76572
0 1126741955 76785
0 1126741955 77350
0 1126741955 77383
0 1126741955 77386
0 1126741955 77403
0 1126741955 77406
0 1126741955 77407
0 1126741955 77417
0 1126741955 77495
0 1126741955 77502
0 1126741955 77557
0 1126741955 77846
0 1126741955 77848
0 1126741955 77855
0 1126741955 77859
0 1126741955 77869
0 1126741955 77875
0 1126741955 77880
0 1126741955 77884
0 1126741955 77887
0 1126741955 77898
0 1126741955 77932
0 1126741955 77946
0 1126741955 77966
0 1126741955 77970
0 1126741955 77974
0 1126741955 77994
0 1126741955 77997
0 1126741955 78010
0 1126741955 78013
0 1126741955 78028
0 1126741955 78033
0 1126741955 78047
0 1126741955 78107
0 1126741955 78111
0 1126741955 78122
0 1251301659 7
0 1251301659 10
0 1251301659 25
0 1338418011 7
0 1338418011 8
0 1338418011 9
0 1338418011 12
0 1338418011 13
0 1338418011 17
0 1338418011 21
0 1338418011 26
0 1338418011 27
0 1338418011 28
0 1338418011 29
0 1338418011 32
0 1338418011 33
2 1338418011 34
0 1338418011 35
0 1338418011 36
0 1338418011 37
0 1338418011 38
0 1338418011 39
0 1338418011 40
0 1338418011 41
0 1338418011 42
0 1338418011 43
0 1338418011 47
0 1338418011 48
0 1338418011 49
0 1338418011 52
0 1338418011 54
0 1338418011 56
0 1338418011 58
0 1338418011 60
0 1338418011 61
0 1338418011 62
2 1338418011 65
0 1338418011 68
0 1338418011 69
0 1338418011 70
0 1338418011 72
0 1338418011 73
0 1338418011 74
0 1338418011 75
0 1338418011 76
0 1338418011 77
0 1338418011 78
0 1338418011 79
0 1338418011 80
0 1338418011 83
0 1338418011 84
2 1338418011 85
0 1338418011 86
0 1338418011 87
0 1338418011 88
0 1338418011 89
0 1338418011 90
0 1338418011 91
0 1338418011 92
0 1338418011 93
0 1338418011 94
0 1338418011 95
0 1338418011 96
0 1338418011 97
0 1338418011 98
0 1338418011 99
0 1338418011 100
0 1338418011 101
0 1338418011 102
0 1338418011 104
0 1338418011 105
0 1338418011 106
0 1338418011 107
0 1338418011 108
0 1338418011 109
0 1338418011 111
2 1338418011 112
0 1338418011 113
0 1338418011 114
0 1338418011 115
0 1338418011 116
0 1338418011 118
0 1338418011 119
0 1338418011 120
0 1338418011 121
0 1338418011 122
0 1338418011 123
0 1338418011 125
0 1338418011 126
0 1338418011 128
0 1338418011 129
0 1338418011 130
0 1338418011 131
0 1338418011 132
0 1338418011 133
0 1338418011 134
0 1338418011 135
0 1338418011 136
0 1338418011 137
0 1338418011 138
0 1338418011 139
0 1338418011 140
0 1338418011 141
0 1338418011 142
0 1338418011 143
0 1338418011 145
0 1338418011 146
0 1338418011 147
0 1338418011 150
0 1338418011 151
0 1338418011 152
0 1338418011 153
0 1338418011 154
0 1338418011 156
0 1338418011 159
0 1338418011 160
0 1338418011 161
0 1338418011 162
0 1338418011 163
0 1338418011 165
0 1338418011 166
0 1479909343 6
0 1479909343 12
0 1479909343 14
0 1479909343 17
0 1479909343 21
2 1207973768 5
0 1207973768 7
2 1207973768 14
0 1207973768 15
2 1207973768 19
0 1207973768 37
0 1207973768 38
2 1207973768 40
2 1207973768 42
0 1207973768 44
0 1207973768 46
2 1207973768 68
0 1207973768 70
0 1207973768 105
2 1207973768 107
2 1207973768 113
0 1207973768 114
0 1207973768 115
0 1207973768 117
2 1207973768 142
2 1207973768 146
0 1207973768 148
0 1207973768 149
0 1207973768 150
2 1207973768 151
0 1207973768 153
2 1207973768 154
0 1207973768 158
2 1207973768 160
0 1207973768 161
0 1207973768 162
0 1207973768 163
0 1207973768 167
2 1207973768 170
0 1207973768 172
0 1207973768 175
2 1207973768 177
2 1207973768 180
0 1207973768 181
2 1207973768 184
0 1207973768 185
0 1207973768 188
2 1207973768 189
0 1207973768 192
2 1207973768 193
2 1207973768 194
2 1207973768 195
2 1207973768 196
0 1207973768 197
2 1207973768 198
0 1207973768 199
0 1207973768 201
0 1207973768 202
0 1207973768 203
2 1207973768 206
0 1207973768 207
2 1207973768 208
0 1207973768 209
2 1207973768 210
2 1207973768 211
0 1207973768 212
0 1207973768 213
2 1207973768 214
0 1207973768 215
2 1207973768 216
2 1207973768 217
2 1207973768 218
0 1207973768 219
2 1207973768 220
2 1207973768 221
2 1207973768 222
0 1207973768 223
0 1207973768 224
2 1207973768 225
0 1207973768 226
0 1207973768 227
2 1207973768 228
2 1207973768 229
0 1207973768 230
0 1207973768 231
0 1207973768 232
2 1207973768 233
0 1132732203 39
0 1132732203 68
0 1132732203 193
0 1132732203 197
0 1132732203 202
0 1132732203 262
0 1132732203 275
0 1132732203 279
0 1132732203 283
0 1132732203 303
0 1132732203 329
0 1132732203 341
0 1132732203 390
0 1132732203 524
0 1132732203 525
0 1132732203 547
0 1132732203 552
0 1132732203 561
0 1132732203 563
0 1132732203 568
0 1132732203 581
0 1132732203 604
0 1132732203 613
0 1132732203 624
0 1132732203 631
0 1132732203 632
2 1132732203 633
0 1132732203 635
0 1132732203 636
0 1132732203 637
2 1132732203 638
2 1132732203 640
0 1132732203 641
0 1132732203 644
2 1132732203 646
2 1132732203 648
0 1132732203 649
2 1132732203 656
2 1132732203 660
2 1132732203 680
2 1132732203 681
2 1132732203 686
0 1132732203 687
2 1132732203 689
2 1132732203 696
2 1132732203 698
0 1132732203 700
0 1132732203 702
0 1132732203 703
2 1132732203 704
0 1132732203 707
2 1132732203 708
0 1132732203 711
0 1132732203 712
2 1132732203 714
0 1132732203 720
2 1132732203 721
2 1132732203 725
2 1132732203 727
0 1132732203 731
0 1132732203 736
2 1132732203 738
2 1132732203 743
0 1426029537 30
0 1426029537 32
0 1426029537 33
0 1426029537 34
0 1426029537 36
0 1426029537 39
0 1426029537 43
0 1426029537 44
0 1426029537 49
0 1426029537 56
0 1426029537 60
0 1426029537 61
0 1426029537 62
0 1426029537 67
0 1426029537 75
0 1426029537 76
0 1426029537 80
0 1426029537 85
0 1426029537 101
0 1426029537 102
0 1426029537 109
0 1426029537 113
0 1426029537 118
0 1426029537 134
0 1426029537 135
0 1426029537 142
0 1426029537 152
0 1426029537 171
0 1426029537 173
0 1426029537 178
0 1426029537 180
0 1426029537 181
0 1426029537 183
0 1426029537 185
0 1426029537 186
0 1426029537 187
0 1426029537 189
0 1426029537 197
0 1426029537 214
0 1426029537 216
0 1426029537 218
0 1426029537 219
0 1426029537 220
0 1426029537 223
0 1426029537 225
0 1426029537 256
0 1426029537 258
0 1426029537 266
0 1309132313 630
0 1309132313 632
0 1309132313 636
0 1309132313 640
0 1309132313 641
0 1309132313 643
0 1309132313 656
0 1309132313 659
0 1309132313 660
0 1309132313 662
0 1309132313 663
0 1309132313 666
0 1309132313 667
0 1309132313 668
0 1309132313 669
0 1309132313 672
0 1309132313 679
0 1309132313 682
0 1309132313 683
0 1309132313 686
0 1309132313 687
0 1309132313 689
0 1309132313 690
0 1309132313 691
0 1309132313 692
0 1309132313 693
0 1309132313 694
0 1309132313 697
0 1309132313 699
0 1309132313 700
0 1309132313 702
0 1309132313 703
0 1309132313 704
0 1309132313 705
0 1309132313 706
0 1309132313 707
0 1309132313 711
0 1309132313 714
0 1309132313 715
0 1309132313 720
0 1309132313 741
0 1309132313 765
0 1309132313 771
0 1309132313 781
0 1309132313 793
0 1309132313 794
0 1309132313 795
0 1309132313 798
0 1309132313 799
0 1309132313 800
0 1309132313 802
0 1309132313 833
0 1309132313 839
0 1309132313 852
0 1309132313 853
0 1309132313 880
0 1309132313 886
0 1309132313 889
0 1309132313 894
0 1309132313 902
0 1309132313 906
0 1309132313 910
0 1309132313 921
0 1309132313 931
0 1309132313 932
0 1309132313 935
0 1309132313 936
0 1309132313 941
0 1309132313 948
0 1309132313 961
0 1309132313 964
0 1309132313 965
0 1309132313 974
0 1309132313 987
0 1309132313 989
0 1309132313 991
0 1309132313 998
0 1309132313 1002
0 1309132313 1014
0 1309132313 1022
0 1309132313 1034
0 1309132313 1040
0 1309132313 1042
0 1309132313 1056
0 1309132313 1068
0 1309132313 1087
0 1309132313 1093
0 1309132313 1096
0 1309132313 1108
0 1309132313 1109
0 1309132313 1115
0 1309132313 1126
0 1309132313 1136
0 1309132313 1139
0 1309132313 1144
0 1309132313 1152
0 1309132313 1162
0 1309132313 1165
0 1309132313 1166
0 1309132313 1172
0 1309132313 1184
0 1309132313 1192
0 1309132313 1201
0 1309132313 1204
0 1309132313 1213
2 1309132313 1218
0 1309132313 1223
0 1309132313 1224
0 1309132313 1233
2 1309132313 1240
0 1309132313 1246
0 1309132313 1256
0 1309132313 1257
0 1309132313 1258
0 1309132313 1260
0 1309132313 1274
0 1309132313 1284
0 1309132313 1291
0 1309132313 1295
0 1309132313 1298
0 1309132313 1306
0 1309132313 1308
0 1309132313 1309
0 1309132313 1317
0 1309132313 1332
0 1309132313 1334
0 1309132313 1335
0 1309132313 1350
0 1309132313 1351
0 1493950470 6
0 1493950470 7
0 1493950470 8
0 1493950470 9
0 1493950470 10
0 1493950470 11
0 1493950470 12
0 1493950470 13
0 1493950470 14
0 1493950470 15
0 1493950470 16
0 1493950470 17
0 1493950470 18
0 1493950470 19
0 1493950470 20
0 1493950470 21
0 1493950470 22
0 1493950470 23
0 1493950470 24
0 1493950470 25
0 1493950470 26
0 1493950470 27
0 1493950470 28
0 1493950470 29
0 1493950470 30
0 1493950470 31
0 1493950470 32
0 1493950470 33
0 1493950470 34
0 1493950470 35
0 1493950470 36
0 1493950470 37
0 1493950470 38
0 1493950470 39
0 1493950470 40
0 1493950470 41
0 1493950470 42
0 1493950470 43
0 1493950470 44
0 1493950470 45
0 1493950470 46
0 1493950470 47
0 1493950470 48
0 1493950470 49
0 1493950470 50
0 1493950470 51
0 1493950470 52
0 1493950470 53
0 1493950470 54
0 1493950470 55
0 1493950470 56
0 1493950470 57
0 1493950470 58
0 1493950470 59
0 1493950470 60
0 1493950470 61
0 1493950470 62
0 1493950470 63
0 1493950470 64
0 1493950470 65
0 1493950470 66
0 1493950470 67
0 1493950470 68
0 1493950470 69
0 1493950470 70
0 1493950470 71
0 1493950470 72
0 1493950470 73
0 1493950470 74
0 1493950470 75
0 1493950470 76
0 1493950470 77
0 1493950470 78
0 1493950470 79
0 1493950470 80
0 1493950470 81
0 1493950470 82
0 1493950470 83
0 1493950470 84
0 1493950470 85
0 1493950470 86
0 1493950470 87
0 1493950470 88
0 1493950470 89
0 1493950470 90
0 1493950470 91
0 1493950470 92
0 1493950470 93
0 1493950470 94
0 1493950470 95
0 1493950470 96
0 1493950470 97
0 1493950470 98
0 1493950470 99
0 1493950470 100
0 1493950470 101
0 1493950470 102
0 1493950470 103
0 1493950470 104
0 1493950470 105
0 1493950470 106
0 1493950470 107
0 1493950470 108
0 1493950470 109
0 1493950470 110
0 1493950470 111
0 1493950470 112
0 1493950470 113
0 1493950470 114
0 1493950470 115
0 1493950470 116
0 1493950470 117
0 1493950470 118
0 1493950470 119
0 1493950470 120
0 1493950470 121
0 1493950470 122
0 1493950470 123
0 1493950470 124
0 1493950470 125
0 1493950470 126
0 1493950470 127
0 1493950470 128
0 1493950470 129
0 1493950470 130
0 1493950470 131
0 1493950470 132
0 1493950470 133
0 1493950470 134
0 1493950470 135
0 1493950470 136
0 1493950470 137
0 1493950470 138
0 1493950470 139
0 1493950470 140
0 1493950470 141
0 1493950470 142
0 1493950470 143
0 1493950470 144
0 1493950470 145
0 1493950470 146
0 1493950470 147
0 1230328698 2204
0 1230328698 2207
0 1230328698 2208
0 1230328698 2209
0 1230328698 2212
0 1230328698 2215
0 1230328698 2217
0 1230328698 2218
0 1230328698 2220
0 1230328698 2222
0 1230328698 2224
0 1230328698 2225
0 1230328698 2228
0 1230328698 2229
0 1230328698 2231
0 1230328698 2232
0 1230328698 2240
0 1230328698 2244
0 1230328698 2247
0 1230328698 2254
0 1230328698 2258
0 1230328698 2259
0 1230328698 2261
0 1230328698 2262
0 1230328698 2265
0 1230328698 2266
0 1230328698 2267
0 1230328698 2268
0 1230328698 2269
0 1230328698 2270
0 1230328698 2272
0 1230328698 2273
0 1230328698 2275
0 1230328698 2276
0 1230328698 2277
0 1230328698 2279
0 1230328698 2280
0 1230328698 2284
2 1230328698 2286
0 1230328698 2287
0 1230328698 2288
0 1230328698 2290
0 1230328698 2291
0 1230328698 2292
0 1230328698 2298
0 1230328698 2301
0 1230328698 2302
0 1230328698 2303
0 1230328698 2304
0 1230328698 2305
0 1230328698 2308
0 1230328698 2311
0 1230328698 2317
0 1230328698 2318
0 1465049665 6
0 1465049665 7
0 1465049665 8
0 1465049665 9
0 1465049665 10
1 1465049665 95
1 1465049665 105
1 1465049665 108
1 1465049665 110
1 1465049665 112
1 1465049665 113
0 1465049665 114
0 1465049665 115
1 1465049665 116
1 1465049665 117
1 1465049665 118
1 1465049665 119
1 1465049665 120
1 1465049665 121
1 1465049665 124
1 1465049665 125
0 1465049665 127
0 1477468857 5
0 1141221379 11124
2 1141221379 11125
2 1141221379 11127
0 1299457190 4423
0 1299457190 4424
2 1299457190 4447
0 1299457190 4463
2 1299457190 4475
0 1299457190 4480
2 1299457190 4496
2 1299457190 4509
0 1299457190 4510
0 1299457190 4512
0 1299457190 4531
0 1299457190 4533
0 1299457190 4558
2 1299457190 4560
0 1299457190 4574
0 1299457190 4589
2 1299457190 4592
0 1247729038 260
0 1247729038 262
0 1247729038 263
0 1247729038 264
0 1351958949 2186
0 1351958949 2200
0 1351958949 2207
0 1351958949 2217
0 1351958949 2218
0 1351958949 2222
0 1351958949 2231
0 1351958949 2238
0 1351958949 2253
0 1351958949 2254
0 1351958949 2264
0 1351958949 2265
0 1351958949 2267
2 1351958949 2268
2 1220639536 779
0 1220639536 780
0 1220639536 781
0 1220639536 782
0 1220639536 783
0 1220639536 785
0 1220639536 787
0 1220639536 788
0 1220639536 789
0 1220639536 790
0 1220639536 791
0 1220639536 793
0 1220639536 794
0 1220639536 795
0 1220639536 796
0 1220639536 797
0 1220639536 803
0 1220639536 804
0 1220639536 805
0 1220639536 806
0 1220639536 807
0 1220639536 808
0 1220639536 809
0 1220639536 810
0 1220639536 812
0 1220639536 814
0 1220639536 815
0 1220639536 818
0 1220639536 819
0 1220639536 820
0 1220639536 821
0 1220639536 822
0 1126741955 78139
0 1126741955 78193
0 1126741955 78200
0 1126741955 78202
0 1126741955 78210
0 1126741955 78386
0 1126741955 78400
0 1126741955 78402
0 1126741955 78403
0 1126741955 78404
0 1126741955 78412
0 1126741955 78425
0 1126741955 78436
0 1126741955 78438
0 1126741955 78446
0 1126741955 78447
0 1126741955 78462
0 1126741955 78463
0 1126741955 78529
0 1126741955 78576
0 1126741955 78577
0 1126741955 78582
0 1126741955 78586
0 1126741955 78606
0 1126741955 78612
0 1126741955 78653
0 1126741955 78672
0 1126741955 78678
0 1126741955 78710
0 1126741955 78717
0 1126741955 78726
0 1126741955 78969
0 1126741955 79004
0 1126741955 79058
0 1126741955 79105
0 1126741955 79111
0 1126741955 79131
0 1126741955 79159
0 1126741955 79224
0 1126741955 80008
0 1126741955 80082
0 1126741955 80086
0 1126741955 80093
0 1126741955 80133
0 1126741955 80321
0 1126741955 80632
0 1126741955 80635
0 1126741955 80699
0 1126741955 80705
0 1126741955 80709
0 1126741955 80714
0 1126741955 80720
0 1126741955 80726
0 1126741955 80731
0 1126741955 80735
0 1126741955 80748
0 1126741955 80752
0 1126741955 80756
0 1126741955 80834
0 1126741955 80835
0 1126741955 80837
0 1126741955 80838
0 1126741955 80860
0 1126741955 80861
0 1126741955 80864
0 1126741955 80865
0 1126741955 80882
0 1126741955 80895
0 1126741955 80896
0 1126741955 80913
0 1126741955 81030
0 1126741955 81032
0 1126741955 81192
0 1126741955 81193
0 1126741955 81201
0 1126741955 81217
0 1126741955 81218
0 1126741955 81352
0 1126741955 81353
0 1126741955 81360
0 1126741955 81361
0 1126741955 81362
0 1126741955 81363
0 1126741955 81385
0 1126741955 81392
0 1126741955 81393
0 1126741955 81405
0 1126741955 81434
0 1126741955 81435
0 1126741955 81440
0 1126741955 81443
0 1126741955 81455
0 1126741955 81456
0 1126741955 81566
0 1126741955 81764
0 1126741955 81774
0 1126741955 81784
0 1126741955 81787
0 1126741955 81788
0 1126741955 81792
0 1126741955 81812
0 1126741955 81815
0 1126741955 81818
0 1126741955 81820
0 1126741955 81845
0 1126741955 81846
0 1126741955 81869
0 1126741955 81924
0 1126741955 81956
0 1126741955 81960
0 1126741955 81963
0 1126741955 81964
0 1126741955 82014
0 1126741955 82220
0 1126741955 82222
0 1126741955 82224
0 1126741955 82232
0 1126741955 82246
0 1126741955 82355
0 1126741955 82356
0 1126741955 82357
0 1126741955 82359
0 1126741955 82363
0 1126741955 82364
0 1126741955 82368
0 1126741955 82369
0 1126741955 82372
0 1126741955 82425
0 1126741955 82698
0 1126741955 82731
0 1126741955 82739
0 1126741955 82741
0 1126741955 82801
0 1126741955 82854
0 1126741955 83218
0 1126741955 83248
0 1126741955 83355
0 1126741955 83409
0 1126741955 83414
0 1126741955 83443
0 1126741955 83460
0 1126741955 83752
0 1126741955 83772
0 1126741955 83774
0 1126741955 83776
0 1126741955 84043
0 1126741955 84296
0 1338418011 167
2 1338418011 168
0 1338418011 170
0 1338418011 171
0 1338418011 172
0 1338418011 173
0 1338418011 177
0 1338418011 178
0 1338418011 179
0 1207973768 234
0 1207973768 235
2 1207973768 236
0 1207973768 237
2 1207973768 238
2 1207973768 239
2 1207973768 240
2 1207973768 241
2 1207973768 242
0 1207973768 243
0 1207973768 244
0 1207973768 245
2 1207973768 246
2 1207973768 247
2 1207973768 248
2 1207973768 249
2 1207973768 250
0 1207973768 251
0 1207973768 252
2 1207973768 253
2 1207973768 254
0 1207973768 255
0 1207973768 256
0 1207973768 257
2 1207973768 258
2 1207973768 259
0 1207973768 260
2 1207973768 261
0 1207973768 262
2 1207973768 263
2 1132732203 746
2 1132732203 750
2 1132732203 763
2 1132732203 766
2 1132732203 773
2 1132732203 783
2 1132732203 785
0 1132732203 788
2 1132732203 789
0 1132732203 793
2 1132732203 798
2 1132732203 800
2 1132732203 806
2 1132732203 808
2 1132732203 815
2 1132732203 820
2 1132732203 822
2 1132732203 828
2 1132732203 831
2 1132732203 838
2 1132732203 839
0 1132732203 840
2 1132732203 843
2 1132732203 846
0 1132732203 858
2 1132732203 859
0 1132732203 867
0 1132732203 873
2 1132732203 874
2 1132732203 877
0 1132732203 883
2 1132732203 887
0 1132732203 891
2 1132732203 892
0 1132732203 893
2 1132732203 900
2 1132732203 905
2 1132732203 914
0 1132732203 917
2 1132732203 919
2 1132732203 921
0 1132732203 937
0 1132732203 938
2 1132732203 943
2 1132732203 952
0 1132732203 955
0 1132732203 958
2 1132732203 959
0 1132732203 967
0 1132732203 972
2 1132732203 974
2 1132732203 977
0 1309132313 1358
0 1309132313 1359
0 1309132313 1360
0 1309132313 1361
0 1309132313 1367
0 1309132313 1374
0 1309132313 1385
0 1309132313 1391
0 1309132313 1398
0 1309132313 1401
0 1309132313 1405
0 1309132313 1420
0 1309132313 1436
2 1309132313 1441
0 1309132313 1445
0 1309132313 1453
0 1309132313 1454
0 1309132313 1455
0 1309132313 1465
0 1309132313 1481
0 1309132313 1490
0 1309132313 1493
0 1309132313 1494
0 1309132313 1507
0 1309132313 1513
0 1309132313 1517
0 1309132313 1523
0 1309132313 1527
0 1309132313 1528
0 1309132313 1531
0 1309132313 1544
0 1309132313 1548
0 1493950470 148
0 1493950470 149
0 1493950470 150
0 1493950470 151
0 1493950470 152
0 1493950470 153
0 1493950470 154
0 1493950470 155
0 1493950470 156
0 1493950470 157
0 1493950470 158
0 1493950470 159
0 1493950470 160
0 1493950470 161
0 1493950470 162
0 1493950470 163
0 1493950470 164
0 1493950470 165
0 1493950470 166
0 1493950470 167
0 1493950470 168
0 1493950470 169
0 1493950470 170
0 1493950470 171
0 1493950470 172
0 1493950470 173
0 1493950470 174
0 1493950470 175
0 1493950470 176
0 1493950470 177
0 1493950470 178
0 1493950470 179
0 1493950470 180
0 1493950470 181
0 1493950470 182
0 1493950470 183
0 1493950470 184
0 1493950470 185
0 1493950470 186
0 1493950470 187
0 1493950470 188
0 1493950470 189
0 1493950470 190
0 1493950470 191
0 1493950470 192
0 1493950470 193
0 1493950470 194
0 1493950470 195
0 1493950470 196
0 1493950470 197
0 1493950470 198
0 1230328698 2321
0 1230328698 2322
0 1230328698 2325
0 1230328698 2328
0 1230328698 2337
0 1230328698 2341
0 1230328698 2342
0 1230328698 2343
0 1230328698 2346
0 1230328698 2347
2 1230328698 2348
0 1230328698 2350
0 1230328698 2351
0 1230328698 2352
0 1230328698 2355
0 1230328698 2356
0 1230328698 2358
0 1230328698 2359
0 1230328698 2360
0 1230328698 2362
0 1230328698 2363
0 1230328698 2364
0 1230328698 2365
0 1230328698 2366
0 1230328698 2367
0 1230328698 2369
0 1230328698 2371
2 1230328698 2374
0 1230328698 2376
0 1230328698 2379
0 1230328698 2382
0 1230328698 2385
0 1230328698 2391
0 1230328698 2392
0 1230328698 2393
2 1230328698 2394
0 1230328698 2406
0 1230328698 2411
0 1230328698 2415
0 1141221379 11128
0 1141221379 11129
0 1141221379 11130
0 1141221379 11131
0 1141221379 11132
2 1141221379 11133
2 1141221379 11134
0 1141221379 11135
0 1141221379 11137
0 1141221379 11138
0 1141221379 11139
2 1141221379 11140
0 1141221379 11141
0 1141221379 11142
0 1141221379 11144
0 1141221379 11146
0 1141221379 11147
0 1141221379 11148
0 1141221379 11149
0 1141221379 11150
0 1141221379 11151
0 1141221379 11152
2 1141221379 11155
0 1141221379 11156
0 1141221379 11157
0 1141221379 11158
0 1141221379 11160
0 1141221379 11161
0 1141221379 11162
0 1141221379 11163
0 1132534018 2792
0 1132534018 2793
2 1132534018 2794
0 1132534018 2795
0 1132534018 2796
0 1132534018 2798
0 1132534018 2801
2 1132534018 2810
0 1132534018 2811
0 1132534018 2812
0 1132534018 2813
0 1132534018 2814
0 1132534018 2816
0 1132534018 2818
2 1132534018 2819
0 1132534018 2820
0 1132534018 2822
0 1132534018 2823
0 1174077730 7073
0 1174077730 7088
2 1174077730 7096
0 1174077730 7099
2 1174077730 7103
2 1174077730 7140
2 1174077730 7142
0 1174077730 7143
0 1174077730 7144
0 1174077730 7145
2 1174077730 7146
0 1174077730 7147
2 1174077730 7149
1 1174077730 7153
1 1174077730 7157
1 1174077730 7160
1 1174077730 7161
0 1174077730 7169
0 1174077730 7175
2 1174077730 7176
0 1207973768 264
0 1207973768 265
0 1207973768 266
2 1207973768 267
0 1132732203 980
0 1132732203 985
2 1132732203 986
2 1132732203 989
0 1132732203 991
2 1132732203 997
2 1132732203 1001
2 1132732203 1005
0 1132732203 1006
0 1132732203 1010
2 1132732203 1011
0 1132732203 1014
2 1132732203 1017
2 1132732203 1032
0 1132732203 1034
0 1132732203 1043
2 1132732203 1045
0 1309132313 1551
0 1309132313 1564
0 1493950470 199
0 1132534018 2824
0 1132534018 2826
0 1132534018 2827
2 1132534018 2835
2 1132534018 2836
2 1132534018 2837
2 1132534018 2838
2 1132534018 2839
2 1132534018 2840
2 1132534018 2841
2 1132534018 2842
2 1132534018 2845
0 1132534018 2853
0 1132534018 2856
2 1132534018 2858
0 1132534018 2860
0 1132534018 2861
0 1132534018 2862
0 1132534018 2863
0 1132534018 2864
0 1132534018 2866
0 1132534018 2867
0 1132534018 2868
2 1132534018 2872
0 1132534018 2873
0 1132534018 2874
0 1132534018 2875
0 1132534018 2876
0 1132534018 2877
0 1132534018 2878
0 1132534018 2879
0 1132534018 2880
0 1132534018 2881
0 1132534018 2882
0 1132534018 2883
2 1132534018 2884
0 1132534018 2885
0 1132534018 2886
0 1132534018 2887
1 1174077730 7193
1 1174077730 7205
1 1174077730 7206
1 1174077730 7207
0 1174077730 7209
0 1174077730 7227
2 1174077730 7240
2 1174077730 7241
0 1174077730 7252
0 1174077730 7263
2 1174077730 7291
0 1174077730 7311
0 1174077730 7313
0 1174077730 7314
0 1174077730 7316
0 1174077730 7322
0 1174077730 7323
2 1174077730 7329
0 1174077730 7333
0 1174077730 7334
2 1174077730 7335
0 1174077730 7336
0 1174077730 7338
0 1174077730 7361
2 1174077730 7405
2 1174077730 7413
2 1174077730 7441
0 1174077730 7513
0 1174077730 7530
2 1174077730 7531
0 1174077730 7532
2 1174077730 7539
0 1174077730 7544
1 1174077730 7563
1 1174077730 7566
2 1174077730 7567
2 1174077730 7597
0 1174077730 7598
0 1174077730 7599
0 1174077730 7603
0 1174077730 7611
0 1174077730 7613
0 1174077730 7614
0 1174077730 7622
2 1174077730 7623
0 1174077730 7624
0 1174077730 7627
0 1174077730 7628
0 1174077730 7638
2 1174077730 7642
2 1174077730 7672
0 1174077730 7674
0 1174077730 7676
0 1174077730 7677
0 1174077730 7684
0 1174077730 7687
0 1174077730 7688
0 1174077730 7689
0 1174077730 7690
0 1174077730 7694
0 1174077730 7696
0 1174077730 7700
2 1174077730 7703
0 1174077730 7712
2 1174077730 7713
2 1174077730 7723
0 1174077730 7725
2 1174077730 7742
0 1174077730 7753
0 1174077730 7764
2 1174077730 7765
2 1174077730 7768
0 1174077730 7769
0 1174077730 7770
0 1174077730 7771
0 1174077730 7772
0 1174077730 7773
0 1174077730 7774
0 1174077730 7777
2 1174077730 7778
2 1174077730 7792
0 1174077730 7802
0 1174077730 7803
0 1404749961 6
0 1404749961 8
0 1404749961 10
0 1404749961 11
0 1404749961 13
2 1404749961 14
2 1404749961 16
0 1404749961 21
0 1404749961 22
0 1404749961 23
0 1404749961 25
0 1404749961 27
0 1404749961 30
0 1404749961 31
0 1404749961 32
0 1404749961 33
0 1404749961 34
0 1404749961 35
0 1404749961 36
0 1404749961 38
0 1404749961 39
0 1404749961 40
0 1404749961 41
0 1404749961 42
0 1404749961 45
0 1404749961 48
0 1404749961 50
0 1404749961 51
0 1404749961 52
0 1404749961 53
0 1404749961 54
0 1404749961 58
0 1404749961 59
0 1404749961 61
0 1404749961 64
0 1404749961 65
0 1404749961 66
0 1404749961 67
0 1404749961 68
0 1404749961 69
0 1404749961 70
0 1404749961 71
0 1404749961 72
0 1404749961 73
0 1404749961 74
0 1404749961 75
0 1404749961 76
0 1404749961 77
0 1404749961 78
0 1404749961 83
0 1404749961 84
0 1404749961 85
0 1404749961 86
0 1404749961 87
0 1404749961 88
0 1404749961 96
0 1404749961 97
0 1404749961 98
0 1404749961 99
0 1404749961 102
2 1404749961 104
0 1404749961 105
0 1404749961 106
0 1404749961 107
0 1404749961 108
0 1404749961 109
2 1404749961 110
0 1404749961 112
0 1404749961 113
2 1404749961 114
0 1404749961 115
0 1404749961 116
2 1404749961 117
0 1404749961 118
0 1404749961 119
0 1404749961 121
0 1404749961 122
0 1404749961 123
0 1404749961 124
0 1404749961 125
0 1404749961 126
0 1404749961 127
0 1404749961 129
0 1404749961 130
0 1404749961 131
0 1404749961 132
2 1404749961 134
0 1404749961 135
2 1404749961 136
0 1404749961 137
2 1404749961 138
2 1404749961 139
0 1404749961 142
0 1404749961 143
2 1404749961 144
0 1404749961 147
0 1404749961 148
0 1404749961 149
0 1404749961 150
0 1404749961 151
0 1404749961 154
0 1404749961 155
0 1404749961 156
0 1404749961 157
0 1404749961 158
0 1404749961 159
0 1123236170 8724
0 1123236170 8796
0 1123236170 8800
2 1123236170 8866
0 1123236170 8884
0 1123236170 8888
0 1123236170 8889
2 1123236170 8904
0 1123236170 8910
2 1123236170 8920
0 1123236170 8931
0 1123236170 8932
0 1178742148 2636
2 1178742148 2637
2 1178742148 2638
0 1178742148 2639
2 1178742148 2640
0 1178742148 2643
2 1178742148 2644
0 1178742148 2645
0 1178742148 2649
0 1178742148 2650
2 1178742148 2651
0 1178742148 2653
0 1178742148 2654
0 1178742148 2655
2 1178742148 2656
0 1178742148 2657
2 1178742148 2661
0 1178742148 2662
0 1152809569 3694
2 1152809569 3695
2 1152809569 3696
0 1152809569 3697
2 1152809569 3698
0 1152809569 3701
2 1152809569 3702
0 1152809569 3703
0 1152809569 3704
0 1152809569 3705
2 1152809569 3706
2 1152809569 3708
0 1152809569 3710
0 1152809569 3711
2 1152809569 3712
0 1152809569 3714
0 1152809569 3715
0 1152809569 3716
2 1152809569 3717
0 1155451890 1132
1 1258431324 2611
1 1258431324 2612
1 1258431324 2613
0 1258431324 2614
1 1258431324 2615
2 1258431324 2616
1 1258431324 2617
1 1258431324 2618
2 1258431324 2619
1 1258431324 2620
1 1258431324 2621
1 1258431324 2622
1 1258431324 2623
1 1258431324 2625
0 1258431324 2626
0 1258431324 2627
2 1258431324 2628
0 1258431324 2629
0 1258431324 2630
1 1258431324 2631
2 1258431324 2632
2 1258431324 2635
2 1258431324 2636
1 1258431324 2638
1 1258431324 2639
1 1258431324 2640
1 1258431324 2641
2 1258431324 2642
1 1258431324 2643
1 1258431324 2645
1 1258431324 2646
1 1258431324 2647
1 1258431324 2648
1 1258431324 2650
0 1258431324 2651
0 1258431324 2652
0 1258431324 2653
1 1258431324 2654
1 1258431324 2655
0 1258431324 2657
0 1258431324 2658
2 1258431324 2659
0 1258431324 2661
0 1258431324 2662
1 1258431324 2664
1 1258431324 2665
1 1258431324 2666
1 1258431324 2667
1 1258431324 2668
1 1258431324 2669
1 1258431324 2670
1 1258431324 2671
1 1258431324 2673
0 1258431324 2674
0 1258431324 2675
0 1258431324 2676
1 1258431324 2678
0 1258431324 2679
2 1258431324 2680
0 1258431324 2681
2 1258431324 2686
0 1258431324 2687
1 1258431324 2688
0 1258431324 2689
1 1258431324 2690
1 1258431324 2691
1 1258431324 2692
1 1258431324 2693
1 1258431324 2694
1 1258431324 2695
1 1258431324 2696
1 1258431324 2698
0 1258431324 2699
0 1258431324 2700
0 1258431324 2701
1 1258431324 2703
0 1258431324 2704
1 1258431324 2706
1 1258431324 2707
1 1258431324 2708
1 1258431324 2709
1 1258431324 2710
1 1258431324 2711
1 1258431324 2712
1 1258431324 2713
1 1258431324 2715
0 1258431324 2716
0 1258431324 2717
0 1258431324 2718
1 1258431324 2719
2 1258431324 2720
1 1258431324 2722
1 1258431324 2723
1 1258431324 2724
1 1258431324 2725
1 1258431324 2726
1 1258431324 2727
1 1258431324 2728
1 1258431324 2729
1 1258431324 2731
0 1258431324 2732
0 1258431324 2733
0 1258431324 2734
1 1258431324 2735
0 1258431324 2736
0 1258431324 2737
0 1258431324 2738
0 1258431324 2740
1 1258431324 2741
1 1258431324 2743
1 1258431324 2744
1 1258431324 2745
1 1258431324 2746
1 1258431324 2747
0 1258431324 2748
1 1258431324 2749
1 1258431324 2751
0 1258431324 2752
0 1258431324 2753
0 1258431324 2754
1 1258431324 2755
2 1258431324 2756
2 1258431324 2757
1 1258431324 2759
2 1258431324 2760
1 1258431324 2761
1 1258431324 2762
0 1258431324 2763
1 1258431324 2764
1 1258431324 2765
1 1258431324 2766
1 1258431324 2768
1 1258431324 2770
1 1258431324 2771
1 1258431324 2772
1 1258431324 2773
1 1258431324 2774
1 1258431324 2775
1 1258431324 2776
1 1258431324 2777
1 1258431324 2778
1 1258431324 2780
0 1258431324 2781
0 1258431324 2782
0 1258431324 2783
1 1258431324 2784
2 1258431324 2786
2 1258431324 2787
1 1258431324 2789
1 1258431324 2790
1 1258431324 2791
1 1258431324 2792
1 1258431324 2793
1 1258431324 2794
1 1258431324 2795
1 1258431324 2796
1 1258431324 2798
0 1258431324 2799
0 1258431324 2800
0 1258431324 2801
1 1258431324 2802
1 1258431324 2804
2 1258431324 2805
1 1258431324 2806
1 1258431324 2807
1 1258431324 2808
1 1258431324 2809
1 1258431324 2810
1 1258431324 2811
1 1258431324 2812
1 1258431324 2814
0 1258431324 2815
0 1258431324 2816
0 1258431324 2817
1 1258431324 2818
1 1258431324 2820
1 1258431324 2821
1 1258431324 2822
1 1258431324 2823
1 1258431324 2824
1 1258431324 2825
1 1258431324 2826
1 1258431324 2827
1 1258431324 2829
0 1258431324 2830
0 1258431324 2831
0 1258431324 2832
1 1258431324 2833
2 1258431324 2834
0 1258431324 2835
2 1258431324 2836
0 1258431324 2837
2 1258431324 2838
2 1258431324 2840
2 1258431324 2841
0 1258431324 2842
0 1258431324 2843
0 1258431324 2847
2 1258431324 2848
0 1258431324 2849
1 1258431324 2851
1 1258431324 2852
1 1258431324 2853
1 1258431324 2854
1 1258431324 2855
1 1258431324 2856
1 1258431324 2857
1 1258431324 2858
1 1258431324 2859
1 1258431324 2861
0 1258431324 2862
0 1258431324 2863
0 1258431324 2864
1 1258431324 2865
1 1258431324 2867
1 1258431324 2868
1 1258431324 2869
1 1258431324 2870
1 1258431324 2871
1 1258431324 2872
1 1258431324 2873
1 1258431324 2875
0 1258431324 2876
0 1258431324 2877
0 1258431324 2878
1 1258431324 2879
2 1258431324 2880
2 1258431324 2881
2 1274906467 24
2 1274906467 26
2 1274906467 27
0 1274906467 28
0 1274906467 29
0 1274906467 30
2 1274906467 31
0 1274906467 32
2 1274906467 33
2 1274906467 34
2 1274906467 35
0 1274906467 36
0 1274906467 37
0 1274906467 38
0 1274906467 40
0 1274906467 41
0 1274906467 43
0 1274906467 44
0 1274906467 46
0 1274906467 50
2 1274906467 51
2 1274906467 52
0 1274906467 53
0 1274906467 57
2 1274906467 58
2 1274906467 60
1 1475300028 2
1 1475300028 3
0 1475300028 4
1 1475300028 5
1 1475300028 6
1 1475300028 7
1 1475300028 8
1 1475300028 9
1 1475300028 10
2 1475300028 11
2 1475300028 12
2 1475300028 13
0 1475300028 15
0 1475300028 16
2 1475300028 17
0 1475300028 18
2 1475300028 20
0 1475300028 21
2 1475300028 22
0 1475300028 24
2 1475300028 25
2 1475300028 26
0 1475300028 27
1 1475300028 29
0 1475300028 30
0 1475300028 31
0 1475300028 32
0 1475300028 33
0 1475300028 36
2 1475300028 37
0 1475300028 38
2 1475300028 39
2 1475300028 40
2 1475300028 41
0 1475300028 42
0 1475300028 43
0 1475300028 44
0 1475300028 48
0 1475300028 49
2 1475300028 50
0 1475300028 51
2 1475300028 52
2 1475300028 53
2 1475300028 54
0 1475300028 55
0 1475300028 56
0 1475300028 57
0 1475300028 58
2 1475300028 59
2 1475300028 60
2 1475300028 61
2 1475300028 62
0 1475300028 65
0 1475300028 66
2 1475300028 67
0 1475300028 70
0 1475300028 72
0 1475300028 73
0 1475300028 74
0 1475300028 75
0 1475300028 76
0 1475300028 77
0 1475300028 78
0 1475300028 79
0 1475300028 80
0 1475300028 83
2 1475300028 84
1 1475300028 85
2 1475300028 87
2 1475300028 88
0 1475300028 90
2 1475300028 92
0 1475300028 94
2 1475300028 96
0 1475300028 97
0 1475300028 98
0 1475300028 99
0 1475300028 100
0 1475300028 101
0 1475300028 103
0 1475300028 104
0 1475300028 105
0 1475300028 107
2 1475300028 109
0 1475300028 110
0 1475300028 111
0 1475300028 113
0 1475300028 114
0 1475300028 115
2 1475300028 116
0 1475300028 119
0 1475300028 120
2 1475300028 121
0 1475300028 122
0 1475300028 124
2 1475300028 125
0 1475300028 126
2 1475300028 127
2 1475300028 128
2 1475300028 130
0 1475300028 131
2 1475300028 132
2 1475300028 134
2 1475300028 136
0 1475300028 138
0 1475300028 139
0 1475300028 140
0 1475300028 141
0 1475300028 143
0 1475300028 144
0 1475300028 145
0 1475300028 147
0 1475300028 148
2 1475300028 150
0 1475300028 152
0 1475300028 153
0 1475300028 154
0 1475300028 155
0 1475300028 156
0 1475300028 157
0 1475300028 158
0 1475300028 160
0 1475300028 161
0 1475300028 162
0 1475300028 163
0 1475300028 165
0 1475300028 166
0 1475300028 167
2 1475300028 168
0 1475300028 170
0 1475300028 171
0 1475300028 172
0 1475300028 173
0 1475300028 175
0 1475300028 176
0 1475300028 177
0 1475300028 180
0 1475300028 181
0 1475300028 183
0 1475300028 185
0 1475300028 187
0 1475300028 188
0 1475300028 189
0 1475300028 190
0 1475300028 193
0 1475300028 194
0 1475300028 195
2 1475300028 196
0 1475300028 197
0 1475300028 198
2 1475300028 199
2 1475300028 200
0 1475300028 202
0 1475300028 204
0 1475300028 205
0 1475300028 206
2 1475300028 207
0 1475300028 208
0 1475300028 210
0 1475300028 211
0 1475300028 214
0 1475300028 215
0 1475300028 216
0 1475300028 217
0 1475300028 218
2 1475300028 220
0 1475300028 221
0 1475300028 222
0 1475300028 224
1 1475300028 225
0 1475300028 227
0 1475300028 228
0 1475300028 229
0 1475300028 233
0 1475300028 234
0 1475300028 235
0 1475300028 236
1 1315869059 10
1 1315869059 14
0 1315869059 18
1 1315869059 22
1 1315869059 24
0 1315869059 25
1 1315869059 28
1 1315869059 29
1 1315869059 30
1 1315869059 31
1 1315869059 32
1 1315869059 33
1 1315869059 34
1 1315869059 35
1 1315869059 36
1 1315869059 37
1 1315869059 38
1 1315869059 39
1 1315869059 40
1 1315869059 41
1 1315869059 44
1 1315869059 45
0 1315869059 46
1 1315869059 47
1 1315869059 48
1 1315869059 49
1 1315869059 50
1 1315869059 54
1 1315869059 55
1 1315869059 56
1 1315869059 57
1 1315869059 58
1 1315869059 59
1 1315869059 60
1 1315869059 61
0 1315869059 62
1 1315869059 63
0 1315869059 64
1 1315869059 66
1 1315869059 67
1 1315869059 69
1 1315869059 70
1 1315869059 72
0 1315869059 73
1 1315869059 74
1 1315869059 75
1 1315869059 76
1 1315869059 77
1 1315869059 78
1 1315869059 79
1 1315869059 80
1 1315869059 82
1 1315869059 83
1 1315869059 84
1 1315869059 85
1 1315869059 86
1 1315869059 87
1 1315869059 89
1 1315869059 91
1 1315869059 101
0 1315869059 105
0 1315869059 106
0 1315869059 107
0 1315869059 108
0 1315869059 109
0 1315869059 110
0 1315869059 111
0 1315869059 112
0 1315869059 113
1 1315869059 114
1 1315869059 115
0 1315869059 117
0 1315869059 119
0 1315869059 120
0 1315869059 121
0 1315869059 122
0 1315869059 123
0 1315869059 126
0 1315869059 127
0 1315869059 128
0 1315869059 130
0 1315869059 131
0 1315869059 132
0 1315869059 133
0 1315869059 134
1 1315869059 135
1 1315869059 136
0 1315869059 137
0 1315869059 138
0 1315869059 149
0 1315869059 150
0 1315869059 151
0 1315869059 152
1 1315869059 154
1 1315869059 155
1 1315869059 156
1 1315869059 157
1 1315869059 158
1 1315869059 159
1 1315869059 160
1 1315869059 161
1 1315869059 163
1 1315869059 164
1 1315869059 165
1 1315869059 166
1 1315869059 168
1 1315869059 169
1 1315869059 171
1 1315869059 172
1 1315869059 174
1 1315869059 175
1 1315869059 177
1 1315869059 178
1 1315869059 179
1 1315869059 180
1 1315869059 181
1 1315869059 182
1 1315869059 183
1 1315869059 184
1 1315869059 185
1 1315869059 186
1 1315869059 189
1 1315869059 190
0 1315869059 195
0 1315869059 196
0 1315869059 197
0 1315869059 198
0 1315869059 199
0 1315869059 200
0 1315869059 201
0 1315869059 202
0 1315869059 203
0 1315869059 204
0 1315869059 205
0 1315869059 206
0 1315869059 207
0 1315869059 208
0 1315869059 209
0 1315869059 211
0 1315869059 212
0 1315869059 213
0 1315869059 214
0 1315869059 215
0 1315869059 216
0 1315869059 220
0 1315869059 221
0 1315869059 222
0 1315869059 223
0 1315869059 224
0 1315869059 225
0 1315869059 226
0 1315869059 227
0 1315869059 228
0 1315869059 229
0 1315869059 230
0 1315869059 231
0 1315869059 232
0 1315869059 233
0 1315869059 234
0 1315869059 235
0 1315869059 236
0 1315869059 237
0 1315869059 238
0 1315869059 239
0 1315869059 241
0 1315869059 242
0 1315869059 243
0 1315869059 244
0 1315869059 245
0 1315869059 246
0 1315869059 247
0 1315869059 248
0 1315869059 249
0 1315869059 250
0 1315869059 251
0 1315869059 252
0 1315869059 253
0 1315869059 254
0 1315869059 255
0 1315869059 256
2 1315869059 259
0 1315869059 261
0 1315869059 264
0 1315869059 265
0 1315869059 266
0 1315869059 267
0 1315869059 268
0 1369950426 542092
0 1369950426 542093
0 1369950426 542142
0 1369950426 542143
0 1369950426 542144
0 1369950426 555956
0 1369950426 556087
0 1369950426 663922
0 1369950426 685951
0 1369950426 686357
0 1369950426 691504
0 1369950426 699670
0 1369950426 706226
0 1369950426 706244
0 1369950426 706424
0 1369950426 863819
0 1369950426 1282383
1 1214538537 3247
1 1214538537 3248
1 1214538537 3249
1 1214538537 3250
1 1214538537 3251
1 1214538537 3252
1 1214538537 3253
1 1214538537 3254
1 1214538537 3255
1 1214538537 3256
1 1214538537 3257
1 1214538537 3260
0 1214538537 3261
0 1214538537 3264
0 1214538537 3265
1 1214538537 3266
1 1214538537 3268
1 1214538537 3269
1 1214538537 3270
1 1214538537 3271
1 1214538537 3272
1 1214538537 3273
1 1214538537 3274
1 1214538537 3275
1 1214538537 3276
1 1214538537 3278
0 1214538537 3280
0 1214538537 3281
0 1214538537 3282
1 1214538537 3283
1 1214538537 3285
1 1214538537 3286
1 1214538537 3287
1 1214538537 3288
1 1214538537 3289
1 1214538537 3290
1 1214538537 3291
1 1214538537 3292
1 1214538537 3294
1 1214538537 3296
0 1214538537 3297
0 1214538537 3298
0 1214538537 3299
1 1214538537 3302
2 1214538537 3305
1 1214538537 3307
1 1214538537 3308
1 1214538537 3309
1 1214538537 3310
1 1214538537 3311
1 1214538537 3312
1 1214538537 3313
1 1214538537 3314
1 1214538537 3316
0 1299457190 4593
0 1132732203 1047
2 1132732203 1049
0 1493950470 200
0 1404749961 160
0 1404749961 162
0 1404749961 163
0 1404749961 164
0 1404749961 165
0 1404749961 166
0 1404749961 168
0 1493950470 201
0 1178742148 2663
0 1178742148 2664
0 1152809569 3718
0 1152809569 3723
0 1152809569 3727
2 1152809569 3728
0 1152809569 3729
0 1152809569 3730
0 1152809569 3731
2 1152809569 3732
0 1152809569 3736
0 1152809569 3738
0 1152809569 3739
0 1152809569 3740
0 1152809569 3741
2 1152809569 3743
2 1152809569 3744
2 1152809569 3752
0 1152809569 3755
0 1152809569 3756
0 1152809569 3757
0 1152809569 3760
0 1152809569 3761
0 1152809569 3762
2 1152809569 3763
2 1152809569 3764
0 1152809569 3766
2 1152809569 3767
2 1152809569 3768
0 1152809569 3769
2 1152809569 3770
0 1152809569 3771
2 1152809569 3772
2 1152809569 3774
2 1152809569 3775
0 1152809569 3776
0 1152809569 3778
0 1152809569 3779
0 1152809569 3785
2 1152809569 3786
0 1152809569 3789
0 1152809569 3790
0 1152809569 3793
0 1152809569 3802
0 1152809569 3803
0 1152809569 3804
0 1152809569 3805
0 1152809569 3806
0 1152809569 3807
0 1152809569 3808
0 1152809569 3809
0 1152809569 3810
2 1258431324 2882
2 1258431324 2883
0 1258431324 2884
0 1258431324 2886
1 1258431324 2887
1 1258431324 2888
1 1258431324 2889
1 1258431324 2890
1 1258431324 2891
1 1258431324 2892
1 1258431324 2893
1 1258431324 2894
1 1258431324 2895
1 1258431324 2896
1 1258431324 2898
0 1258431324 2899
0 1258431324 2900
0 1258431324 2901
0 1258431324 2903
0 1258431324 2904
0 1258431324 2905
1 1258431324 2906
1 1258431324 2909
0 1258431324 2910
1 1258431324 2911
1 1258431324 2912
1 1258431324 2913
1 1258431324 2914
1 1258431324 2915
1 1258431324 2916
1 1258431324 2917
1 1258431324 2919
0 1258431324 2920
0 1258431324 2921
0 1258431324 2922
0 1258431324 2924
0 1258431324 2925
0 1258431324 2926
1 1258431324 2927
1 1258431324 2928
1 1258431324 2929
1 1258431324 2930
1 1258431324 2931
1 1258431324 2932
1 1258431324 2933
1 1258431324 2934
1 1258431324 2935
1 1258431324 2936
1 1258431324 2937
1 1258431324 2938
1 1258431324 2940
0 1258431324 2941
0 1258431324 2942
0 1258431324 2943
0 1258431324 2945
0 1258431324 2946
1 1258431324 2947
1 1258431324 2949
1 1258431324 2950
1 1258431324 2951
1 1258431324 2952
1 1258431324 2953
1 1258431324 2954
1 1258431324 2955
1 1258431324 2956
1 1258431324 2957
1 1258431324 2958
1 1258431324 2960
0 1258431324 2961
0 1258431324 2962
0 1258431324 2963
0 1258431324 2965
0 1258431324 2966
1 1258431324 2967
1 1258431324 2969
2 1258431324 2970
1 1258431324 2971
1 1258431324 2972
1 1258431324 2973
1 1258431324 2974
1 1258431324 2975
1 1258431324 2976
1 1258431324 2977
1 1258431324 2978
1 1258431324 2980
0 1258431324 2981
0 1258431324 2982
0 1258431324 2983
0 1258431324 2985
0 1258431324 2986
1 1258431324 2987
1 1258431324 2989
1 1258431324 2990
1 1258431324 2991
1 1258431324 2992
1 1258431324 2993
1 1258431324 2994
1 1258431324 2995
1 1258431324 2996
1 1258431324 2997
1 1258431324 2999
0 1258431324 3000
0 1258431324 3001
0 1258431324 3002
0 1258431324 3004
0 1258431324 3005
1 1258431324 3006
1 1258431324 3008
1 1258431324 3009
1 1258431324 3010
1 1258431324 3011
1 1258431324 3012
1 1258431324 3013
1 1258431324 3014
1 1258431324 3015
1 1258431324 3016
1 1258431324 3018
1 1258431324 3019
0 1258431324 3020
0 1258431324 3021
0 1258431324 3023
0 1258431324 3024
1 1258431324 3025
1 1258431324 3027
1 1258431324 3028
1 1258431324 3029
1 1258431324 3030
1 1258431324 3031
1 1258431324 3032
1 1258431324 3033
1 1258431324 3034
1 1258431324 3035
1 1258431324 3037
0 1258431324 3038
0 1258431324 3039
1 1258431324 3040
1 1258431324 3041
1 1258431324 3043
1 1258431324 3044
1 1258431324 3045
1 1258431324 3046
1 1258431324 3047
1 1258431324 3048
1 1258431324 3049
1 1258431324 3050
1 1258431324 3052
0 1258431324 3053
0 1258431324 3054
0 1258431324 3056
1 1258431324 3058
1 1258431324 3059
1 1258431324 3060
1 1258431324 3061
1 1258431324 3062
1 1258431324 3063
1 1258431324 3064
1 1258431324 3065
1 1258431324 3066
1 1258431324 3068
0 1258431324 3069
0 1258431324 3070
0 1258431324 3071
0 1258431324 3073
0 1258431324 3074
1 1258431324 3075
1 1258431324 3077
1 1258431324 3078
1 1258431324 3079
1 1258431324 3080
1 1258431324 3081
1 1258431324 3082
1 1258431324 3083
1 1258431324 3084
1 1258431324 3085
0 1258431324 3086
0 1258431324 3087
0 1258431324 3088
0 1258431324 3089
1 1258431324 3091
1 1258431324 3092
1 1258431324 3093
1 1258431324 3094
1 1258431324 3095
1 1258431324 3096
1 1258431324 3097
1 1258431324 3098
1 1258431324 3099
0 1258431324 3101
0 1258431324 3102
0 1258431324 3103
0 1258431324 3105
0 1258431324 3106
1 1258431324 3107
1 1258431324 3109
1 1258431324 3110
1 1258431324 3112
1 1258431324 3113
1 1258431324 3114
1 1258431324 3115
1 1258431324 3116
1 1258431324 3117
1 1258431324 3118
1 1258431324 3119
1 1258431324 3120
1 1258431324 3122
0 1258431324 3123
0 1258431324 3124
0 1258431324 3125
0 1258431324 3127
0 1258431324 3128
1 1258431324 3129
0 1152809569 3812
0 1152809569 3815
0 1152809569 3819
0 1152809569 3821
0 1152809569 3829
0 1152809569 3830
0 1152809569 3831
0 1152809569 3832
0 1152809569 3833
0 1152809569 3834
0 1152809569 3835
0 1152809569 3838
0 1152809569 3841
0 1152809569 3847
0 1152809569 3848
0 1152809569 3850
0 1152809569 3855
0 1152809569 3856
0 1152809569 3857
0 1152809569 3858
0 1152809569 3859
2 1152809569 3860
0 1152809569 3861
0 1152809569 3865
0 1152809569 3868
0 1152809569 3874
0 1152809569 3877
0 1152809569 3881
0 1152809569 3882
0 1152809569 3883
0 1152809569 3884
2 1152809569 3886
1 1258431324 3131
1 1258431324 3132
1 1258431324 3133
1 1258431324 3134
1 1258431324 3135
1 1258431324 3136
1 1258431324 3137
1 1258431324 3138
1 1258431324 3139
1 1258431324 3141
0 1258431324 3142
0 1258431324 3143
0 1258431324 3144
0 1258431324 3146
0 1258431324 3147
1 1258431324 3148
1 1258431324 3149
1 1258431324 3150
2 1258431324 3152
2 1258431324 3153
2 1258431324 3154
0 1258431324 3156
1 1258431324 3157
1 1258431324 3158
1 1258431324 3159
1 1258431324 3160
1 1258431324 3161
1 1258431324 3162
1 1258431324 3163
1 1258431324 3164
1 1258431324 3165
1 1258431324 3166
1 1258431324 3168
0 1258431324 3169
0 1258431324 3170
0 1258431324 3171
0 1258431324 3172
1 1258431324 3175
2 1258431324 3176
0 1258431324 3177
1 1258431324 3180
1 1258431324 3181
1 1258431324 3182
1 1258431324 3183
1 1258431324 3184
1 1258431324 3185
1 1258431324 3186
1 1258431324 3187
1 1258431324 3189
0 1258431324 3190
0 1258431324 3191
0 1258431324 3192
1 1258431324 3193
1 1258431324 3195
1 1258431324 3198
1 1258431324 3199
1 1258431324 3200
1 1258431324 3201
1 1258431324 3202
1 1258431324 3203
1 1258431324 3204
1 1258431324 3206
0 1258431324 3207
0 1258431324 3208
0 1258431324 3209
0 1258431324 3210
1 1258431324 3212
1 1258431324 3215
1 1258431324 3216
1 1258431324 3217
1 1258431324 3218
1 1258431324 3219
1 1258431324 3220
1 1258431324 3221
1 1258431324 3223
0 1258431324 3224
0 1258431324 3225
0 1258431324 3226
0 1258431324 3227
1 1258431324 3228
2 1258431324 3229
0 1258431324 3230
0 1258431324 3232
1 1258431324 3234
1 1258431324 3235
1 1258431324 3236
0 1230328698 2422
0 1230328698 2423
0 1230328698 2427
0 1230328698 2428
0 1230328698 2429
0 1230328698 2430
2 1230328698 2434
0 1141221379 11164
0 1141221379 11165
0 1141221379 11166
0 1141221379 11168
2 1141221379 11169
? 1132534018 2888
0 1132534018 2889
0 1132534018 2890
0 1132534018 2891
0 1174077730 7842
0 1174077730 7843
0 1174077730 7844
2 1174077730 7846
0 1174077730 7864
0 1174077730 7865
2 1174077730 7871
0 1174077730 7875
0 1174077730 7895
0 1315869059 269
0 1315869059 270
0 1315869059 271
2 1315869059 273
2 1315869059 275
0 1315869059 276
0 1315869059 278
1 1315869059 279
0 1315869059 280
1 1315869059 282
1 1315869059 283
1 1315869059 284
1 1315869059 285
1 1315869059 286
0 1315869059 288
0 1315869059 289
0 1315869059 290
0 1315869059 291
0 1315869059 292
0 1315869059 293
2 1315869059 294
0 1315869059 295
0 1315869059 296
2 1315869059 297
0 1315869059 298
2 1315869059 299
0 1315869059 300
0 1315869059 301
0 1315869059 302
0 1315869059 303
0 1315869059 307
0 1315869059 308
0 1315869059 309
0 1315869059 310
2 1315869059 311
0 1315869059 313
0 1315869059 315
0 1315869059 316
0 1315869059 317
0 1315869059 318
0 1315869059 320
0 1315869059 321
0 1315869059 322
0 1315869059 323
0 1315869059 324
0 1315869059 325
0 1315869059 326
0 1214538537 3317
0 1214538537 3318
0 1214538537 3319
1 1214538537 3321
1 1214538537 3323
1 1214538537 3324
1 1214538537 3325
1 1214538537 3326
1 1214538537 3327
1 1214538537 3328
1 1214538537 3329
1 1214538537 3330
1 1214538537 3332
0 1214538537 3333
0 1214538537 3334
0 1214538537 3335
1 1214538537 3336
0 1123236170 8972
2 1123236170 8975
2 1123236170 8977
0 1123236170 9007
2 1123236170 9104
2 1123236170 9109
2 1123236170 9125
0 1123236170 9142
0 1152809569 3887
0 1152809569 3889
2 1152809569 3890
0 1152809569 3891
0 1152809569 3894
0 1152809569 3896
0 1152809569 3898
0 1152809569 3900
0 1152809569 3903
0 1152809569 3904
1 1258431324 3237
1 1258431324 3238
1 1258431324 3239
1 1258431324 3240
1 1258431324 3241
1 1258431324 3243
0 1258431324 3244
0 1258431324 3245
0 1258431324 3246
0 1258431324 3247
0 1258431324 3249
1 1258431324 3250
1 1258431324 3252
0 1258431324 3253
1 1258431324 3255
1 1258431324 3256
1 1258431324 3257
1 1258431324 3258
1 1258431324 3259
1 1258431324 3260
1 1258431324 3261
1 1258431324 3262
1 1258431324 3264
0 1258431324 3265
0 1258431324 3266
0 1258431324 3267
1 1258431324 3268
1 1258431324 3271
1 1258431324 3272
1 1258431324 3273
1 1258431324 3274
1 1258431324 3275
1 1258431324 3276
1 1258431324 3277
1 1258431324 3278
1 1258431324 3280
0 1258431324 3281
0 1258431324 3282
0 1258431324 3283
0 1258431324 3284
1 1258431324 3286
1 1258431324 3289
1 1258431324 3290
1 1258431324 3291
1 1258431324 3292
1 1258431324 3293
1 1258431324 3294
1 1258431324 3295
1 1258431324 3296
1 1258431324 3298
0 1258431324 3299
0 1258431324 3300
0 1258431324 3301
0 1258431324 3302
1 1258431324 3303
2 1258431324 3304
0 1258431324 3305
2 1258431324 3306
1 1258431324 3309
1 1258431324 3310
1 1258431324 3311
1 1258431324 3312
1 1258431324 3313
1 1258431324 3314
1 1258431324 3315
1 1258431324 3316
1 1258431324 3318
0 1258431324 3319
0 1258431324 3320
0 1258431324 3321
0 1258431324 3322
1 1258431324 3323
1 1258431324 3326
2 1258431324 3327
1 1258431324 3328
1 1258431324 3329
1 1258431324 3330
1 1258431324 3331
1 1258431324 3332
1 1258431324 3333
1 1258431324 3335
0 1258431324 3336
0 1258431324 3337
0 1258431324 3338
0 1258431324 3339
1 1258431324 3340
0 1258431324 3341
2 1258431324 3342
1 1258431324 3345
1 1258431324 3346
1 1258431324 3347
1 1258431324 3348
1 1258431324 3349
1 1258431324 3350
1 1258431324 3351
1 1258431324 3352
1 1258431324 3354
0 1258431324 3355
0 1258431324 3356
0 1258431324 3357
0 1258431324 3358
1 1258431324 3360
2 1258431324 3362
1 1258431324 3364
1 1258431324 3365
1 1258431324 3366
1 1258431324 3367
1 1258431324 3368
1 1258431324 3369
1 1258431324 3370
1 1258431324 3372
0 1258431324 3373
0 1258431324 3374
0 1258431324 3375
0 1258431324 3376
1 1258431324 3378
1 1258431324 3381
1 1258431324 3382
2 1258431324 3383
1 1258431324 3384
1 1258431324 3385
1 1258431324 3386
1 1258431324 3387
1 1258431324 3388
1 1258431324 3389
1 1258431324 3391
0 1258431324 3392
0 1258431324 3393
0 1258431324 3394
0 1258431324 3395
1 1258431324 3396
0 1258431324 3399
1 1258431324 3400
1 1258431324 3401
1 1258431324 3402
1 1258431324 3403
1 1258431324 3404
1 1258431324 3405
1 1258431324 3406
1 1258431324 3407
1 1258431324 3408
1 1258431324 3410
0 1258431324 3411
0 1258431324 3412
0 1258431324 3413
0 1258431324 3414
1 1258431324 3415
1 1258431324 3418
1 1258431324 3419
1 1258431324 3420
1 1258431324 3421
1 1258431324 3422
1 1258431324 3423
1 1258431324 3424
1 1258431324 3425
1 1258431324 3427
0 1258431324 3428
0 1258431324 3429
0 1258431324 3430
0 1258431324 3431
1 1258431324 3432
1 1258431324 3435
1 1258431324 3436
1 1258431324 3437
1 1258431324 3438
1 1258431324 3439
1 1258431324 3440
1 1258431324 3441
1 1258431324 3443
0 1258431324 3444
0 1258431324 3445
0 1258431324 3446
0 1258431324 3447
1 1258431324 3448
1 1258431324 3451
1 1258431324 3452
1 1258431324 3453
1 1258431324 3454
1 1258431324 3455
1 1258431324 3456
1 1258431324 3457
1 1258431324 3459
0 1258431324 3460
0 1258431324 3461
0 1258431324 3462
0 1258431324 3463
1 1258431324 3464
1 1258431324 3467
1 1258431324 3468
1 1258431324 3469
1 1258431324 3470
1 1258431324 3471
1 1258431324 3472
1 1258431324 3473
1 1258431324 3475
0 1258431324 3476
0 1258431324 3477
0 1258431324 3478
1 1258431324 3479
0 1258431324 3480
0 1299457190 16039
0 1299457190 16047
0 1299457190 16048
0 1299457190 16049
0 1299457190 16057
0 1299457190 16070
0 1299457190 16081
1 1299457190 16083
0 1299457190 16084
1 1299457190 16085
1 1299457190 16090
1 1299457190 16091
1 1299457190 16092
1 1299457190 16093
0 1299457190 16094
0 1299457190 16095
0 1299457190 16096
0 1247729038 1369
0 1247729038 1565
1 1247729038 1571
0 1247729038 1572
1 1247729038 1574
1 1247729038 1575
1 1247729038 1576
0 1247729038 1577
1 1247729038 1578
1 1247729038 1579
1 1247729038 1580
1 1247729038 1581
1 1247729038 1582
0 1247729038 1583
0 1247729038 1584
0 1247729038 1585
0 1247729038 1586
0 1247729038 1587
0 1247729038 1588
1 1247729038 1589
0 1247729038 1591
0 1247729038 1592
0 1247729038 1593
0 1247729038 1594
0 1247729038 1596
1 1247729038 1597
1 1247729038 1602
0 1247729038 1603
0 1247729038 1604
0 1247729038 1610
1 1247729038 1613
1 1247729038 1616
0 1247729038 1618
0 1247729038 1620
1 1247729038 1621
1 1247729038 1622
1 1247729038 1623
1 1247729038 1624
1 1247729038 1625
1 1247729038 1626
1 1247729038 1627
1 1247729038 1628
1 1247729038 1629
0 1247729038 1630
1 1247729038 1631
1 1247729038 1632
1 1247729038 1633
0 1247729038 1634
0 1247729038 1636
0 1247729038 1637
0 1247729038 1638
0 1247729038 1639
0 1247729038 1640
0 1247729038 1641
0 1247729038 1642
1 1247729038 1643
1 1247729038 1644
1 1247729038 1645
1 1247729038 1646
1 1247729038 1649
0 1247729038 1650
0 1247729038 1653
1 1247729038 1654
0 1247729038 1655
0 1247729038 1656
0 1247729038 1658
0 1247729038 1661
2 1247729038 1667
0 1247729038 1672
1 1247729038 1674
0 1247729038 1675
1 1247729038 1677
0 1247729038 1689
0 1247729038 1690
0 1247729038 1694
0 1247729038 1697
0 1247729038 1699
0 1247729038 1703
0 1247729038 1705
0 1247729038 1706
0 1247729038 1707
0 1247729038 1713
0 1247729038 1714
0 1247729038 1715
0 1247729038 1716
1 1247729038 1717
1 1247729038 1719
1 1247729038 1720
1 1247729038 1723
1 1247729038 1726
1 1247729038 1727
1 1247729038 1729
1 1247729038 1730
1 1247729038 1731
0 1247729038 1732
1 1247729038 1733
1 1247729038 1734
1 1247729038 1735
1 1247729038 1736
1 1247729038 1737
0 1247729038 1738
1 1247729038 1739
0 1247729038 1740
0 1247729038 1741
0 1247729038 1742
0 1247729038 1743
0 1247729038 1744
0 1247729038 1746
0 1247729038 1747
0 1247729038 1748
0 1247729038 1749
0 1247729038 1751
0 1247729038 1758
1 1247729038 1763
0 1247729038 1764
1 1247729038 1767
1 1247729038 1768
0 1247729038 1769
1 1247729038 1771
1 1247729038 1772
0 1247729038 1774
1 1247729038 1775
0 1247729038 1776
1 1247729038 1777
1 1247729038 1778
1 1247729038 1779
1 1247729038 1780
1 1247729038 1781
0 1247729038 1782
1 1247729038 1783
0 1247729038 1784
0 1247729038 1785
0 1247729038 1786
0 1247729038 1787
0 1247729038 1788
0 1247729038 1789
0 1247729038 1790
0 1247729038 1791
0 1247729038 1793
0 1247729038 1794
1 1247729038 1795
0 1247729038 1797
1 1247729038 1799
1 1247729038 1802
0 1247729038 1804
1 1247729038 1805
1 1247729038 1807
0 1247729038 1810
1 1247729038 1811
1 1247729038 1812
1 1247729038 1813
1 1247729038 1815
0 1247729038 1816
1 1247729038 1817
1 1247729038 1818
1 1247729038 1819
1 1247729038 1820
0 1247729038 1821
1 1247729038 1834
0 1247729038 1836
1 1247729038 1837
1 1247729038 1838
0 1247729038 1839
1 1247729038 1840
1 1247729038 1841
0 1247729038 1843
1 1247729038 1844
1 1247729038 1845
1 1247729038 1846
1 1247729038 1847
1 1247729038 1848
1 1247729038 1849
1 1247729038 1850
1 1247729038 1851
0 1247729038 1852
0 1247729038 1853
0 1247729038 1854
0 1247729038 1855
2 1247729038 1862
2 1247729038 1863
0 1247729038 1868
0 1247729038 1869
0 1247729038 1874
0 1247729038 1878
1 1247729038 1879
0 1247729038 1884
0 1247729038 1885
0 1247729038 1886
1 1247729038 1887
0 1247729038 1888
1 1247729038 1892
1 1247729038 1893
1 1247729038 1895
1 1247729038 1896
1 1247729038 1897
1 1247729038 1898
1 1247729038 1899
1 1247729038 1900
0 1247729038 1901
0 1247729038 1906
0 1247729038 1907
1 1247729038 1909
2 1247729038 1912
0 1351958949 11286
0 1351958949 11558
0 1351958949 11609
2 1351958949 11635
0 1351958949 11644
0 1351958949 11687
0 1220639536 823
0 1220639536 824
0 1220639536 825
0 1220639536 826
0 1220639536 827
0 1220639536 828
0 1220639536 829
0 1338418011 180
0 1338418011 181
0 1338418011 183
0 1338418011 184
0 1207973768 353
0 1207973768 354
0 1207973768 355
0 1132732203 1809
0 1132732203 1811
0 1493950470 32825
0 1493950470 32826
0 1493950470 32827
0 1493950470 32828
0 1493950470 32829
0 1230328698 12333
0 1230328698 12335
0 1230328698 12336
0 1230328698 12338
0 1141221379 17241
0 1132534018 2892
0 1132534018 2894
0 1132534018 2895
0 1132534018 2896
0 1132534018 2898
0 1132534018 2899
2 1132534018 2900
0 1174077730 19261
? 1174077730 19262
? 1174077730 19263
2 1174077730 19264
0 1174077730 19265
2 1174077730 19266
0 1174077730 19267
0 1174077730 19268
2 1174077730 19269
0 1123236170 30006
0 1123236170 30007
0 1123236170 30031
0 1123236170 30040
0 1123236170 30076
0 1123236170 30077
0 1258431324 4943
0 1258431324 4944
0 1258431324 4945
0 1274906467 65
0 1274906467 67
2 1274906467 68
2 1274906467 69
0 1274906467 70
2 1274906467 71
2 1475300028 1733
0 1214538537 4320
0 1214538537 4321
0 1214538537 4322
0 1214538537 4323
2 1214538537 4345
2 1214538537 4346
2 1214538537 4352
2 1214538537 4353
2 1214538537 4354
0 1214538537 4367
1 1214538537 4368
1 1214538537 4369
1 1214538537 4399
0 1214538537 4400
1 1214538537 4402
1 1214538537 4426
1 1214538537 4427
1 1214538537 4428
1 1214538537 4446
1 1214538537 4448
1 1214538537 4449
1 1214538537 4450
1 1214538537 4451
1 1214538537 4452
2 1214538537 4488
0 1214538537 4489
0 1214538537 4490
0 1214538537 4495
0 1214538537 4496
0 1214538537 4497
0 1375670269 3186
0 1375670269 3187
0 1375670269 3188
0 1375670269 3189
0 1375670269 3190
0 1375670269 3191
0 1375670269 3192
0 1375670269 3193
0 1375670269 3194
0 1375670269 3195
0 1375670269 3196
0 1375670269 3197
0 1375670269 3198
0 1375670269 3199
0 1375670269 3200
0 1375670269 3201
0 1375670269 3202
0 1375670269 3203
0 1375670269 3204
0 1486981201 3
2 1486981201 5
2 1486981201 6
0 1486981201 7
0 1486981201 8
2 1486981201 9
2 1486981201 10
2 1486981201 11
0 1486981201 12
2 1486981201 13
2 1486981201 14
0 1486981201 15
2 1486981201 16
2 1486981201 17
0 1368778720 6
0 1231437793 4112
0 1231437793 4113
0 1231437793 4114
0 1231437793 4115
2 1231437793 4116
2 1231437793 4117
0 1231437793 4118
0 1231437793 4119
0 1388333162 4257
0 1388333162 4259
2 1388333162 4261
0 1388333162 4262
0 1388333162 4263
0 1388333162 4264
0 1330655612 2452
0 1330655612 2453
0 1330655612 2454
0 1330655612 2456
0 1330655612 2457
0 1325133208 5848
0 1325133208 5850
0 1325133208 5851
0 1325133208 5852
0 1325133208 5853
0 1325133208 5855
2 1325133208 5857
2 1325133208 5858
0 1325133208 5859
0 1325133208 5860
2 1149375708 25125
0 1149375708 25126
0 1149375708 25127
0 1149375708 25128
0 1149375708 25129
0 1149375708 25130
0 1149375708 25131
? 1164950918 2
? 1164950918 3
? 1164950918 4
? 1164950918 5
? 1164950918 7
? 1164950918 8
? 1299457190 16097
2 1299457190 16098
? 1299457190 16099
0 1299457190 16100
0 1299457190 16101
0 1299457190 16122
0 1299457190 16125
0 1299457190 16136
0 1299457190 16140
1 1299457190 16143
1 1299457190 16152
1 1299457190 16153
1 1299457190 16154
1 1299457190 16156
0 1299457190 16157
1 1299457190 16160
0 1299457190 16161
1 1299457190 16162
0 1299457190 16163
1 1299457190 16164
1 1299457190 16165
2 1299457190 16167
1 1299457190 16168
1 1299457190 16169
1 1299457190 16170
1 1299457190 16171
2 1299457190 16173
1 1299457190 16174
0 1299457190 16184
0 1300028254 816
0 1300028254 884
0 1247729038 1916
0 1247729038 1921
0 1247729038 1922
0 1247729038 1924
0 1247729038 1926
0 1247729038 1928
1 1247729038 1929
1 1247729038 1930
1 1247729038 1931
1 1247729038 1932
1 1247729038 1933
0 1247729038 1934
0 1247729038 1935
2 1247729038 1938
2 1247729038 1946
0 1247729038 1947
